1716
16.064 2.3809 -20.323 16.539 2.4237 -21.452
16.12 2.1548 -20.323 16.598 2.1849 -21.452
16.064 2.2113 -20.323 16.539 2.2446 -21.452
15.207 1.4561 -19.307 15.612 1.4762 -20.323
15.1 0.59668 -19.307 14.67 0.56982 -19.307
14.432 0.46595 -18.388 14.724 0.46238 -19.307
12.123 -1.8002 -15.446 12.18 -1.8081 -16.089
10.066 -1.6076 -12.871 12.663 -2.0035 -16.789
12.99 0.33201 -16.789 13.818 0.33805 -18.388
13.629 0.24943 -17.552 13.869 0.26131 -18.388
12.449 -1.5171 -16.089 13.19 -1.6062 -17.552
12.037 -1.7573 -15.446 12.091 -1.7633 -16.089
11.574 -1.7723 -14.852 11.607 -1.7788 -15.446
12.314 -0.97998 -16.089 11.867 -0.93521 -16.089
12.404 -0.97998 -16.089 11.979 -0.93521 -16.089
10.228 -1.1815 -13.315 11.956 -1.3829 -16.089
11.026 -1.7465 -14.302 11.478 -1.8217 -15.446
15.442 -0.050446 -20.323 15.046 -0.050446 -20.323
15.442 0.0060982 -20.323 15.912 0.006437 -21.452
12.225 -1.3381 -16.089 12.336 -1.3496 -16.789
11.779 -1.8002 -15.446 12.359 -1.8634 -16.789
16.121 0.72266 -21.452 12.848 0.56685 -17.552
15.272 0.57154 -20.323 15.733 0.57345 -21.452
16.061 0.12581 -21.452 15.673 0.12581 -21.452
15.329 0.062642 -20.323 15.792 0.066122 -21.452
16.121 0.18549 -21.452 15.733 0.18549 -21.452
16.061 -0.053248 -21.452 14.82 -0.050446 -20.323
13.869 -0.14796 -18.388 15.792 -0.14278 -21.452
14.562 -0.31651 -19.307 14.159 -0.31651 -19.307
10.363 -1.262 -13.791 10.429 -1.269 -14.302
11.161 -1.8136 -14.852 11.621 -1.8753 -16.089
10.248 2.1144 -13.791 9.807 1.9993 -13.791
9.5292 1.866 -12.871 9.807 1.9034 -13.791
9.6008 1.9018 -12.871 10.685 2.1118 -14.852
15.103 1.0239 -20.323 15.554 1.0509 -21.452
12.994 -0.33657 -17.552 11.005 -0.27469 -15.446
17.934 -3.6186 -24.134 11.048 -2.1655 -15.446
14.933 0.9108 -20.323 14.565 0.88253 -20.323
14.99 1.0239 -20.323 15.434 1.0509 -21.452
15.763 0.006437 -21.452 15.375 0.006437 -21.452
14.99 -0.27662 -20.323 14.622 -0.27662 -20.323
15.524 1.2001 -21.452 15.136 1.1703 -21.452
14.763 0.79771 -20.323 15.196 0.81219 -21.452
14.763 0.51499 -20.323 15.225 0.51376 -21.452
15.524 0.36455 -21.452 15.136 0.36455 -21.452
14.707 0.23227 -20.323 16.058 0.228 -22.714
14.82 0.11919 -20.323 15.255 0.12581 -21.452
12.243 -1.4897 -16.789 11.846 -1.4196 -16.789
10.429 -1.5873 -14.302 11.822 -1.7933 -16.789
15.464 1.1405 -21.452 15.995 1.1759 -22.714
14.594 0.74117 -20.323 15.046 0.7525 -21.452
14.65 0.62808 -20.323 14.283 0.62808 -20.323
14.65 0.11919 -20.323 14.283 0.11919 -20.323
12.009 -1.4897 -16.789 12.743 -1.5548 -18.388
12.457 2.7888 -17.552 10.045 2.2771 -14.852
9.4132 2.0045 -13.315 9.633 2.0137 -14.302
14.481 1.0804 -20.323 14.927 1.1106 -21.452
14.481 0.85425 -20.323 14.927 0.87187 -21.452
14.368 0.74117 -20.323 14.808 0.7525 -21.452
14.481 0.68462 -20.323 14.927 0.69282 -21.452
14.481 0.28882 -20.323 14.927 0.30486 -21.452
14.368 -0.27662 -20.323 12.018 -0.2389 -17.552
11.916 -1.8167 -16.789 11.519 -1.7466 -16.789
15.106 -0.17262 -21.452 14.748 -0.17262 -21.452
15.046 -0.17262 -21.452 14.688 -0.17262 -21.452
13.488 -0.85367 -19.307 11.871 -0.75165 -17.552
9.5959 1.5773 -13.791 9.9209 1.5953 -14.852
10.251 1.4507 -14.852 9.8382 1.368 -14.852
14.085 1.2501 -20.323 14.509 1.2598 -21.452
14.867 1.0211 -21.452 15.363 1.0495 -22.714
14.085 0.79771 -20.323 14.509 0.81219 -21.452
14.028 0.4019 -20.323 14.45 0.42423 -21.452
14.141 0.45845 -20.323 14.599 0.45408 -21.452
14.085 0.11919 -20.323 14.509 0.12581 -21.452
14.141 0.062642 -20.323 14.569 0.066122 -21.452
14.085 -0.16353 -20.323 14.509 -0.17262 -21.452
12.164 -1.0691 -17.552 12.385 -1.0688 -18.388
3.5071 -1.2142 -5.0809 3.567 -1.2284 -5.5963
13.972 0.51499 -20.323 14.39 0.51376 -21.452
13.972 0.062642 -20.323 14.39 0.066122 -21.452
13.915 -0.22008 -20.323 15.205 -0.24597 -22.714
12.59 -0.81302 -18.388 11.676 -0.75165 -17.552
11.061 -0.80092 -16.089 12.897 -0.93425 -19.307
11.969 -1.4109 -17.552 12.181 -1.4269 -18.388
3.4929 -1.1859 -5.0809 3.5007 -1.1801 -5.5164
3.5583 -1.247 -5.2182 3.5203 -1.2284 -5.5963
8.6697 1.9377 -12.871 8.5797 1.8933 -13.315
13.746 0.74117 -20.323 14.151 0.7525 -21.452
14.509 -0.76947 -21.452 14.181 -0.76947 -21.452
8.6339 2.0093 -12.871 8.8669 2.0569 -13.791
12.843 0.86526 -19.307 13.942 0.93156 -21.452
12.951 0.81154 -19.307 14.062 0.87187 -21.452
13.632 0.45845 -20.323 13.293 0.43018 -20.323
13.576 0.28882 -20.323 14.826 0.2912 -22.714
14.33 0.066122 -21.452 14.002 0.066122 -21.452
13.632 -0.10699 -20.323 14.062 -0.11293 -21.452
11.774 -0.9714 -17.552 12.002 -0.99208 -18.388
12.897 -1.4983 -19.307 12.548 -1.4446 -19.307
9.2506 -1.7225 -13.791 9.5697 -1.7723 -14.852
13.406 0.51499 -20.323 13.823 0.51376 -21.452
13.406 0.28882 -20.323 13.823 0.30486 -21.452
13.463 0.17573 -20.323 13.883 0.18549 -21.452
13.463 -0.78551 -20.323 13.853 -0.79931 -21.452
13.35 -0.8986 -20.323 13.763 -0.91868 -21.452
13.463 -0.95515 -20.323 13.883 -0.97837 -21.452
9.0204 1.4622 -13.791 8.9765 1.4367 -14.302
13.293 0.4019 -20.323 13.703 0.39439 -21.452
12.521 0.27438 -19.307 13.614 0.27502 -21.452
13.18 -0.10699 -20.323 13.584 -0.11293 -21.452
13.293 -0.44625 -20.323 13.703 -0.4412 -21.452
13.237 -0.33316 -20.323 13.644 -0.35167 -21.452
13.972 -1.0082 -21.452 12.926 -0.92687 -20.323
12.521 -1.2297 -19.307 12.841 -1.2379 -20.323
8.982 -1.4155 -13.791 9.7161 -1.5209 -15.446
10.017 -1.5424 -15.446 10.054 -1.5395 -16.089
13.124 1.3631 -20.323 14.352 1.4603 -22.714
13.011 1.2501 -20.323 13.405 1.2598 -21.452
10.748 0.70569 -16.789 12.038 0.75783 -19.307
13.011 -0.16353 -20.323 12.7 -0.16353 -20.323
13.124 -0.38971 -20.323 13.524 -0.41136 -21.452
9.5077 -1.2765 -14.852 9.9419 -1.3381 -16.089
8.8669 -1.7225 -13.791 9.1978 -1.7517 -14.852
9.425 1.8226 -14.852 8.0796 1.4858 -13.315
9.4664 1.4507 -14.852 9.5012 1.4013 -15.446
9.7591 1.2938 -15.446 9.83 1.303 -16.089
10.654 0.98595 -16.789 13.286 1.2001 -21.452
12.841 -0.84206 -20.323 13.256 -0.859 -21.452
12.199 -1.176 -19.307 12.53 -1.1813 -20.323
10.654 -1.3028 -16.789 9.8971 -1.2038 -16.089
8.7902 -1.4155 -13.791 9.5012 -1.5209 -15.446
8.7902 -1.6457 -13.791 9.1151 -1.6897 -14.852
8.6367 2.383 -13.791 9.3293 2.5186 -15.446
9.6731 1.1649 -15.446 10.164 1.2195 -16.789
10.076 0.0048278 -16.089 9.7181 0.049592 -16.089
8.9566 -1.07 -14.302 10.187 -1.2094 -16.789
8.9566 -1.5873 -14.302 8.9499 -1.5657 -14.852
8.6751 -1.7225 -13.791 8.6582 -1.7067 -14.302
8.6367 -1.7992 -13.791 8.5985 -1.7863 -14.302
9.1358 2.8969 -14.852 8.8052 2.7109 -14.852
9.1358 1.7812 -14.852 9.5614 1.8401 -16.089
8.56 -1.4539 -13.791 9.6733 -1.6291 -16.089
8.5216 -1.6457 -13.791 9.2004 -1.7573 -15.446
8.4065 1.6924 -13.791 9.4495 1.9073 -16.089
9.0532 -0.20215 -14.852 8.7226 -0.20215 -14.852
8.7179 -0.11508 -14.302 9.0715 -0.12429 -15.446
9.0532 -0.32611 -14.852 9.0715 -0.31766 -15.446
9.0118 -1.0286 -14.852 9.4271 -1.0695 -16.089
9.0118 -1.2765 -14.852 9.0285 -1.2631 -15.446
9.0532 -1.2352 -14.852 9.0715 -1.2201 -15.446
8.4065 -1.4923 -13.791 9.0715 -1.5854 -15.446
8.7179 -1.6271 -14.302 9.0715 -1.6713 -15.446
8.6781 -1.7067 -14.302 8.3399 -1.6271 -14.302
8.3681 -1.7608 -13.791 8.3399 -1.7465 -14.302
8.6383 2.3121 -14.302 8.3001 2.1927 -14.302
9.2434 2.1533 -15.446 9.3376 2.1087 -16.089
8.9292 1.4507 -14.852 8.9641 1.4442 -15.446
14.577 1.8873 -24.134 9.3823 1.2135 -16.089
8.5985 0.80009 -14.302 8.5986 0.78954 -14.852
8.9705 0.66558 -14.852 9.3823 0.69867 -16.089
8.9705 -0.036864 -14.852 8.64 -0.036864 -14.852
8.9705 -0.16083 -14.852 9.3823 -0.17423 -16.089
8.9292 -0.36743 -14.852 8.9426 -0.36064 -15.446
9.2434 -0.94078 -15.446 9.2928 -0.93521 -16.089
8.9292 -1.1525 -14.852 8.5986 -1.1112 -14.852
8.2147 2.2295 -13.791 8.2006 2.2126 -14.302
8.7639 1.9465 -14.852 8.454 1.8639 -14.852
8.2147 0.31109 -13.791 8.8781 0.32693 -15.446
8.8466 0.045777 -14.852 8.8781 0.047608 -15.446
8.8052 -0.036864 -14.852 8.8351 -0.038339 -15.446
8.8052 -1.2352 -14.852 9.2033 -1.2709 -16.089
8.8052 -1.4418 -14.852 8.8351 -1.435 -15.446
7.488 2.7613 -12.871 7.6967 2.8243 -13.791
8.6813 -0.16083 -14.852 8.7062 -0.16726 -15.446
8.6813 -0.90459 -14.852 8.7062 -0.8978 -15.446
8.6813 -1.2765 -14.852 8.7062 -1.2631 -15.446
8.3597 -1.6669 -14.302 8.6847 -1.7143 -15.446
8.3597 -1.7863 -14.302 8.3507 -1.7723 -14.852
10.113 0.9331 -17.552 8.2061 0.78954 -14.852
12.301 0.24518 -21.452 13.603 0.27582 -24.134
8.5573 -0.73931 -14.852 8.9571 -0.75616 -16.089
8.5986 -1.3178 -14.852 8.6203 -1.306 -15.446
8.2802 -1.5475 -14.302 7.9618 -1.4878 -14.302
7.9461 -1.5306 -13.791 8.5773 -1.6283 -15.446
7.9844 -1.6841 -13.791 8.2681 -1.731 -14.852
8.2802 -1.8261 -14.302 8.6418 -1.8862 -15.446
6.5122 -1.7345 -11.357 7.0761 -1.8404 -12.871
7.2731 2.9046 -12.871 8.0821 3.1861 -14.852
8.392 3.1035 -14.852 8.0821 2.9589 -14.852
9.1361 0.72105 -16.089 8.8228 0.69867 -16.089
12.182 0.30486 -21.452 11.913 0.27502 -21.452
12.835 0.2596 -22.714 11.853 0.21533 -21.452
12.122 -0.053248 -21.452 11.853 -0.053248 -21.452
12.898 -0.18277 -22.714 12.645 -0.21437 -22.714
12.122 -0.76947 -21.452 12.582 -0.87793 -22.714
7.7926 -1.3771 -13.791 8.8004 -1.5171 -16.089
7.831 -1.4923 -13.791 8.4484 -1.6069 -15.446
7.6775 2.9585 -13.791 7.6833 2.9289 -14.302
11.314 2.3244 -20.323 11.674 2.364 -21.452
8.5988 1.2509 -15.446 9.0663 1.2662 -16.789
12.062 0.42423 -21.452 12.519 0.41759 -22.714
11.943 -0.29199 -21.452 11.674 -0.32183 -21.452
11.943 -0.2323 -21.452 12.393 -0.24597 -22.714
12.002 -0.6501 -21.452 12.456 -0.68834 -22.714
12.645 -0.56195 -22.714 12.393 -0.56195 -22.714
12.062 -1.0082 -21.452 12.519 -1.0043 -22.714
12.002 -1.7841 -21.452 11.734 -1.7244 -21.452
7.9618 -1.4679 -14.302 7.9582 -1.4418 -14.852
7.4498 -1.626 -13.315 7.9995 -1.731 -14.852
7.7159 -1.7992 -13.791 7.9995 -1.8343 -14.852
7.3387 3.0788 -13.315 7.5838 3.1477 -14.302
11.883 2.5729 -21.452 11.585 2.4834 -21.452
8.5558 1.1219 -15.446 8.6213 1.1239 -16.089
12.519 0.70197 -22.714 12.266 0.67037 -22.714
11.883 0.72266 -21.452 12.329 0.73357 -22.714
11.883 -0.053248 -21.452 12.329 -0.05638 -22.714
12.456 -1.6363 -22.714 12.203 -1.6047 -22.714
7.2275 2.9677 -13.315 7.4645 3.0283 -14.302
11.585 3.4682 -21.452 10.184 2.9871 -19.307
8.778 1.6611 -16.089 9.7762 1.7449 -18.388
8.0615 1.3267 -14.852 8.4647 1.3701 -16.089
12.393 1.3971 -22.714 11.465 1.2897 -21.452
12.266 1.2075 -22.714 12.798 1.2494 -24.134
12.393 1.018 -22.714 12.14 0.98635 -22.714
13.167 0.81299 -24.134 12.932 0.77942 -24.134
12.266 0.57558 -22.714 12.798 0.61155 -24.134
12.393 0.3228 -22.714 12.932 0.34297 -24.134
10.48 -0.10164 -19.307 13.758 -0.13552 -25.743
12.266 -1.5731 -22.714 12.798 -1.6043 -24.134
7.7629 -1.6271 -14.302 7.4844 -1.5475 -14.302
7.524 -1.6841 -13.791 7.8135 -1.731 -14.852
7.4473 -1.7608 -13.791 7.7102 -1.8136 -14.852
7.0793 2.9677 -13.315 7.0444 2.9202 -13.791
7.3322 2.9585 -13.791 7.0444 2.8051 -13.791
11.525 3.5875 -21.452 11.286 3.4682 -21.452
12.203 1.0811 -22.714 12.731 1.1151 -24.134
12.14 0.0068157 -22.714 12.697 0.074387 -24.134
11.465 -0.2323 -21.452 12.764 -0.26134 -24.134
12.203 -1.3203 -22.714 12.731 -1.3692 -24.134
7.6435 -1.6271 -14.302 7.9542 -1.6713 -15.446
7.6833 -1.6669 -14.302 7.6896 -1.6484 -14.852
7.6037 -1.7067 -14.302 7.6069 -1.6897 -14.852
7.0423 2.9306 -13.315 7.006 2.8818 -13.791
8.4199 2.3773 -16.089 8.1513 2.2654 -16.089
8.4199 2.064 -16.089 8.5291 2.0603 -16.789
8.4647 1.8401 -16.089 8.9412 1.9098 -17.552
12.013 -0.11958 -22.714 12.563 -0.12705 -24.134
12.697 -0.059904 -24.134 13.293 -0.063898 -25.743
11.95 -0.24597 -22.714 11.107 -0.2323 -21.452
8.3751 2.1087 -16.089 8.459 2.107 -16.789
8.2856 2.1535 -16.089 8.389 2.1537 -16.789
8.3304 1.9744 -16.089 8.4357 1.9669 -16.789
11.824 -1.6363 -22.714 13.185 -1.7828 -25.743
7.102 -1.6457 -13.791 7.359 -1.6897 -14.852
7.9112 3.4425 -15.446 7.3384 3.1655 -14.852
6.7459 2.8195 -13.315 7.2144 3.0002 -14.852
6.7459 2.8936 -13.315 7.5674 3.1847 -15.446
7.0252 2.8051 -13.791 7.297 2.8762 -14.852
7.0636 2.7667 -13.791 7.6534 2.9698 -15.446
8.2409 2.8249 -16.089 8.7214 2.9597 -17.552
7.6069 2.4424 -14.852 7.6749 2.4326 -15.446
8.1961 2.4221 -16.089 8.2955 2.4106 -16.789
8.1961 2.3773 -16.089 8.697 2.5202 -17.552
8.2409 2.1535 -16.089 8.3422 2.1537 -16.789
8.2409 1.9297 -16.089 8.389 1.8968 -16.789
8.9412 2.0074 -17.552 9.1112 2.0007 -18.388
12.361 -1.6714 -24.134 12.971 -1.7112 -25.743
10.928 -1.7841 -21.452 10.689 -1.7244 -21.452
7.2456 -1.7465 -14.302 7.5459 -1.8002 -15.446
6.5211 -1.6793 -12.871 6.987 -1.7664 -14.302
7.0252 -1.7225 -13.791 7.5889 -1.8432 -15.446
7.0252 -1.8759 -13.791 8.3189 -2.167 -16.789
6.1471 -1.8429 -12.067 5.8617 -1.7254 -12.067
6.9101 2.9585 -13.791 7.1937 3.0208 -14.852
7.483 3.1035 -14.852 7.503 3.0987 -15.446
7.7823 2.626 -15.446 8.2021 2.7376 -16.789
7.7393 2.583 -15.446 8.1554 2.6909 -16.789
8.1066 2.1087 -16.089 8.2021 2.1303 -16.789
12.971 -1.9977 -25.743 10.57 -1.6349 -21.452
7.166 -1.3884 -14.302 7.1731 -1.3798 -14.852
6.6348 -1.7372 -13.315 6.584 -1.7033 -13.791
8.2255 2.0603 -16.789 7.6365 1.8849 -16.089
7.2764 -1.3591 -14.852 7.6142 -1.4052 -16.089
5.9792 -1.3057 -12.067 7.0904 -1.5244 -14.852
6.1028 -1.7984 -12.456 5.2483 -1.5133 -11.357
13.36 4.1521 -27.582 12.254 3.7679 -25.743
7.7932 2.1087 -16.089 7.8985 2.1303 -16.789
11.623 2.4916 -24.134 12.218 2.5861 -25.743
12.469 2.7294 -25.743 12.29 2.6577 -25.743
11.69 2.3573 -24.134 11.488 2.2902 -24.134
12.398 1.2969 -25.743 12.218 1.2611 -25.743
12.469 1.0821 -25.743 12.29 1.0462 -25.743
12.469 0.22259 -25.743 12.29 0.22259 -25.743
12.398 -0.20714 -25.743 12.218 -0.20714 -25.743
6.9273 -1.7067 -14.302 7.2236 -1.7573 -15.446
6.6415 -1.6841 -13.791 6.6289 -1.6669 -14.302
6.9273 -1.7863 -14.302 6.9252 -1.7723 -14.852
7.9919 3.228 -16.789 7.7817 3.0879 -16.789
7.6589 2.7354 -16.089 9.3634 3.3139 -20.323
12.183 2.7294 -25.743 12.004 2.6577 -25.743
12.183 2.4429 -25.743 12.004 2.3713 -25.743
12.183 1.3685 -25.743 12.861 1.4279 -27.582
12.326 1.2253 -25.743 12.147 1.1895 -25.743
12.326 1.0821 -25.743 12.147 1.0821 -25.743
12.326 0.29421 -25.743 12.147 0.2584 -25.743
12.254 0.22259 -25.743 12.976 0.23849 -27.582
12.254 -0.13552 -25.743 12.075 -0.13552 -25.743
15.228 -0.34845 -32.179 10.591 -0.24597 -22.714
7.0285 -1.3591 -14.852 6.7805 -1.2971 -14.852
7.0698 -1.4004 -14.852 7.0947 -1.392 -15.446
7.1111 -1.6897 -14.852 6.5891 -1.5475 -14.302
6.1902 2.9306 -13.315 6.4299 3.0084 -14.302
7.2236 2.9698 -15.446 7.6182 3.1113 -16.789
11.968 2.6577 -25.743 12.631 2.7708 -27.582
12.111 2.5861 -25.743 12.784 2.6941 -27.582
12.823 2.6174 -27.582 12.669 2.5406 -27.582
12.976 1.3896 -27.582 12.823 1.3512 -27.582
10.093 0.006437 -21.452 11.287 0.0072417 -24.134
12.111 -1.3531 -25.743 13.809 -1.5199 -29.703
10.033 -1.4857 -21.452 9.8239 -1.426 -21.452
6.0197 -1.7151 -12.871 5.968 -1.6816 -13.315
6.8632 2.9382 -14.852 6.3901 2.7299 -14.302
6.5294 2.7498 -14.302 6.2708 2.6304 -14.302
6.8219 1.9878 -14.852 7.8424 2.2516 -17.552
11.896 0.0077244 -25.743 13.561 0.0089128 -29.703
11.896 -0.20714 -25.743 12.592 -0.22194 -27.582
9.8538 -1.3066 -21.452 9.109 -1.1813 -20.323
6.5294 -1.3486 -14.302 6.8154 -1.392 -15.446
6.609 -1.6271 -14.302 6.6153 -1.607 -14.852
7.0947 -1.9292 -15.446 7.1218 -1.92 -16.089
4.5204 -1.7049 -9.9011 4.6434 -1.7276 -10.726
6.2195 2.7283 -13.791 6.2111 2.71 -14.302
7.3008 2.4221 -16.089 8.1136 2.6658 -18.388
12.439 2.8476 -27.582 12.285 2.7325 -27.582
12.362 2.6941 -27.582 13.189 2.9013 -29.703
8.7073 -1.0148 -19.307 8.9959 -1.04 -20.323
6.6979 -1.4418 -14.852 6.7295 -1.435 -15.446
6.41 -1.4679 -14.302 6.708 -1.4994 -15.446
6.4498 -1.6271 -14.302 6.4706 -1.6277 -14.852
4.8075 -1.8172 -10.726 4.684 -1.7463 -11.033
12.132 3.615 -27.582 12.017 3.5382 -27.582
12.209 2.9243 -27.582 13.024 3.1079 -29.703
12.132 2.6174 -27.582 12.941 2.7774 -29.703
12.285 2.2337 -27.582 13.107 2.4055 -29.703
12.132 1.4663 -27.582 12.941 1.5791 -29.703
12.209 1.6198 -27.582 13.024 1.7444 -29.703
13.065 1.2485 -29.703 11.979 1.0442 -27.582
12.132 0.77566 -27.582 11.979 0.73729 -27.582
12.285 -0.1452 -27.582 12.132 -0.10683 -27.582
12.209 -0.29868 -27.582 12.055 -0.29868 -27.582
12.209 -0.83584 -27.582 13.024 -0.8175 -29.703
8.5998 -0.9611 -19.307 7.338 -0.81239 -16.789
8.5998 -1.2297 -19.307 8.8545 -1.2379 -20.323
8.9394 -1.4075 -20.323 9.2569 -1.4558 -21.452
6.2907 -1.3486 -14.302 6.5576 -1.392 -15.446
6.3305 -1.5475 -14.302 6.3467 -1.5244 -14.852
6.1044 -1.6841 -13.791 6.6005 -1.8002 -15.446
4.5905 -1.71 -10.436 4.3146 -1.5793 -10.436
12.055 3.615 -27.582 12.859 3.8104 -29.703
12.817 3.9757 -29.703 12.693 3.893 -29.703
12.983 3.2319 -29.703 12.859 3.1906 -29.703
12.817 2.9013 -29.703 12.693 2.8187 -29.703
12.055 2.3872 -27.582 12.859 2.5295 -29.703
12.9 2.5708 -29.703 12.776 2.5295 -29.703
11.979 0.85239 -27.582 12.776 0.91796 -29.703
12.817 0.83532 -29.703 12.693 0.794 -29.703
12.055 0.54544 -27.582 13.975 0.72588 -32.179
12.9 0.25684 -29.703 12.776 0.29816 -29.703
12.055 0.085014 -27.582 12.859 0.091554 -29.703
12.817 -0.073728 -29.703 12.693 -0.073728 -29.703
12.9 -0.8175 -29.703 12.776 -0.77618 -29.703
9.3166 -1.3663 -21.452 8.6284 -1.2661 -20.323
8.8828 -1.5206 -20.323 9.1973 -1.5752 -21.452
6.2509 -1.5077 -14.302 6.264 -1.5037 -14.852
5.9893 -1.5306 -13.791 5.9922 -1.5077 -14.302
6.0276 -1.6457 -13.791 6.5146 -1.7573 -15.446
7.1044 3.882 -16.789 6.8942 3.7418 -16.789
6.1315 2.9488 -14.302 5.5419 2.6343 -13.315
6.1315 2.8294 -14.302 6.4072 2.9268 -15.446
10.893 3.9469 -25.743 10.714 3.8395 -25.743
10.893 3.8037 -25.743 11.595 3.9987 -27.582
10.965 3.8037 -25.743 12.528 4.3062 -29.703
12.735 3.5625 -29.703 12.611 3.5212 -29.703
12.569 3.4798 -29.703 12.445 3.4385 -29.703
12.735 3.0666 -29.703 12.611 2.984 -29.703
12.652 2.8187 -29.703 12.528 2.7774 -29.703
12.735 2.4881 -29.703 11.672 2.2337 -27.582
12.652 2.0749 -29.703 12.528 2.0336 -29.703
12.735 1.3312 -29.703 12.611 1.2898 -29.703
12.735 0.75268 -29.703 12.611 0.71136 -29.703
12.652 0.67004 -29.703 12.528 0.67004 -29.703
12.735 0.091554 -29.703 12.611 0.091554 -29.703
12.735 -0.32165 -29.703 12.611 -0.32165 -29.703
12.735 -0.73486 -29.703 12.611 -0.69353 -29.703
6.0917 -1.7465 -14.302 6.3642 -1.8002 -15.446
5.1063 -1.7422 -12.067 5.214 -1.7509 -12.871
4.9841 -1.787 -11.701 5.0804 -1.7984 -12.456
7.3297 4.0096 -17.552 7.1344 3.8631 -17.552
10.679 3.8037 -25.743 11.326 3.9987 -27.582
12.487 3.7278 -29.703 12.363 3.6451 -29.703
13.348 3.7698 -32.179 13.259 3.7251 -32.179
12.487 3.2319 -29.703 13.438 3.4117 -32.179
12.404 2.984 -29.703 13.348 3.1879 -32.179
12.404 2.5708 -29.703 13.348 2.7402 -32.179
12.321 1.4964 -29.703 13.259 1.5764 -32.179
13.348 0.8154 -32.179 13.259 0.8154 -32.179
12.404 0.33948 -29.703 12.28 0.33948 -29.703
12.404 -0.40429 -29.703 12.28 -0.40429 -29.703
12.321 -0.23901 -29.703 12.197 -0.23901 -29.703
12.487 -0.23901 -29.703 12.363 -0.23901 -29.703
12.487 -0.65221 -29.703 12.363 -0.65221 -29.703
12.404 -0.73486 -29.703 12.28 -0.73486 -29.703
8.487 -1.1248 -20.323 8.7795 -1.1574 -21.452
8.5436 -1.2379 -20.323 8.8391 -1.2768 -21.452
6.4072 -1.3275 -15.446 6.1923 -1.2631 -15.446
6.0121 -1.5475 -14.302 6.0368 -1.5244 -14.852
5.7207 -1.6457 -13.791 6.1923 -1.7573 -15.446
5.7974 -1.6457 -13.791 5.7933 -1.6271 -14.302
5.2017 -1.5904 -12.456 5.7535 -1.7266 -14.302
5.0056 -1.7086 -12.067 4.9418 -1.6597 -12.456
5.0056 -1.8429 -12.067 4.9418 -1.7984 -12.456
6.0368 2.9382 -14.852 6.0849 2.9268 -15.446
11.365 3.6917 -27.582 13.124 4.2175 -32.179
13.259 3.9489 -32.179 13.169 3.8593 -32.179
12.074 3.5625 -29.703 12.99 3.7698 -32.179
13.169 4.0384 -32.179 13.08 3.9489 -32.179
13.169 3.7698 -32.179 13.08 3.6803 -32.179
13.169 3.0536 -32.179 13.08 3.0088 -32.179
13.08 2.6955 -32.179 12.99 2.6507 -32.179
12.156 1.9097 -29.703 13.08 2.0688 -32.179
12.239 1.7444 -29.703 13.169 1.845 -32.179
13.169 1.5316 -32.179 12.032 1.3725 -29.703
13.169 1.263 -32.179 13.08 1.2183 -32.179
13.08 1.3526 -32.179 12.99 1.3078 -32.179
13.259 0.99446 -32.179 13.169 0.9497 -32.179
12.074 0.42212 -29.703 12.99 0.45729 -32.179
13.169 0.0096556 -32.179 12.032 0.0089128 -29.703
12.156 -0.32165 -29.703 12.032 -0.28033 -29.703
12.239 -0.65221 -29.703 12.115 -0.65221 -29.703
6.1194 -1.3591 -14.852 6.1493 -1.349 -15.446
5.8928 -1.6271 -14.302 6.1493 -1.6713 -15.446
5.2677 -1.7867 -12.871 5.0528 -1.6793 -12.871
4.3599 -1.5486 -10.726 4.8378 -1.6944 -12.456
4.972 -1.7757 -12.067 5.0707 -1.7867 -12.871
4.0796 -1.7325 -9.9011 4.1808 -1.7426 -10.726
2.8733 -1.7364 -7.0208 2.9135 -1.7274 -7.7229
6.1923 3.0557 -15.446 6.2489 3.0488 -16.089
6.2353 2.8838 -15.446 6.5906 2.9945 -16.789
10.981 4.0754 -27.582 10.106 3.6963 -25.743
11.826 4.2236 -29.703 12.722 4.486 -32.179
11.826 3.7278 -29.703 12.677 3.9489 -32.179
12.99 2.8745 -32.179 12.901 2.8298 -32.179
12.811 2.606 -32.179 12.722 2.5612 -32.179
12.99 2.3374 -32.179 12.901 2.2926 -32.179
12.811 1.9793 -32.179 12.722 1.9345 -32.179
11.991 1.7444 -29.703 12.901 1.845 -32.179
12.811 1.6212 -32.179 12.722 1.5764 -32.179
12.901 1.1735 -32.179 12.811 1.1735 -32.179
12.811 0.63635 -32.179 12.722 0.63635 -32.179
12.99 0.099183 -32.179 12.901 0.099183 -32.179
12.811 -0.43798 -32.179 12.722 -0.39322 -32.179
12.99 -0.52751 -32.179 12.901 -0.48275 -32.179
8.0912 -0.67243 -20.323 8.8851 -0.71994 -22.714
5.1244 -0.99885 -12.871 6.0204 -1.1556 -15.446
5.6938 -1.6271 -14.302 5.9559 -1.6713 -15.446
5.7734 -1.5475 -14.302 5.7888 -1.5244 -14.852
4.9591 -1.7637 -12.456 4.9096 -1.7151 -12.871
3.897 -1.7966 -9.6536 3.7628 -1.7187 -9.9011
3.4163 -1.7164 -8.581 3.5269 -1.7528 -9.4182
2.9564 -1.7332 -7.4259 3.0309 -1.7462 -8.2158
5.8302 3.2275 -14.852 5.8915 3.2061 -15.446
12.722 2.3374 -32.179 12.632 2.2926 -32.179
12.632 2.2478 -32.179 12.542 2.2031 -32.179
12.542 1.7107 -32.179 12.453 1.6659 -32.179
12.632 1.263 -32.179 12.542 1.2183 -32.179
12.722 0.27824 -32.179 12.632 0.27824 -32.179
8.8535 -0.94112 -22.714 8.6955 -0.90953 -22.714
6.3608 -1.1143 -16.089 6.2265 -1.0919 -16.089
4.7034 -1.7422 -12.067 4.6472 -1.6944 -12.456
5.9345 3.0557 -15.446 6.0027 3.0488 -16.089
9.8908 3.9469 -25.743 10.482 4.1138 -27.582
12.363 1.4421 -32.179 12.274 1.4421 -32.179
12.363 0.63635 -32.179 12.274 0.63635 -32.179
5.9345 -1.2846 -15.446 6.5484 -1.4109 -17.552
4.7512 -1.5904 -12.456 5.0684 -1.6649 -13.791
5.0789 -1.7742 -13.315 5.0684 -1.7417 -13.791
5.1159 -1.8113 -13.315 5.2959 -1.8459 -14.302
3.5068 -1.7366 -9.1939 3.5562 -1.7325 -9.9011
3.3208 -1.7164 -8.581 3.3278 -1.6983 -9.1939
2.8531 -1.7126 -7.4259 2.9917 -1.7725 -8.3945
5.8055 3.4855 -15.446 5.8684 3.474 -16.089
6.0922 3.3173 -16.089 6.1702 3.3215 -16.789
6.0474 3.1831 -16.089 6.4507 3.3503 -17.552
9.004 3.2974 -24.134 8.8697 3.2302 -24.134
9.004 2.0216 -24.134 10.999 2.4881 -29.703
12.184 0.0096556 -32.179 12.095 0.054419 -32.179
9.0711 -0.73136 -24.134 8.9369 -0.69779 -24.134
7.5823 -0.72897 -20.323 7.8543 -0.73963 -21.452
7.3106 -0.79996 -19.307 7.1763 -0.7731 -19.307
6.5484 -0.92257 -17.552 8.9369 -1.235 -24.134
5.6236 -1.2765 -14.852 6.2169 -1.3963 -16.789
5.5822 -1.2765 -14.852 5.9131 -1.3381 -16.089
4.8021 -1.536 -12.871 5.1765 -1.6271 -14.302
4.502 -1.7757 -12.067 4.2838 -1.6582 -12.067
9.461 3.6605 -25.743 9.3536 3.5888 -25.743
10.917 3.3145 -29.703 10.834 3.2319 -29.703
10.917 2.6534 -29.703 10.834 2.6534 -29.703
10.917 2.2402 -29.703 11.737 2.3821 -32.179
11.737 1.1735 -32.179 11.647 1.084 -32.179
7.8842 -0.6501 -21.452 7.735 -0.62026 -21.452
7.5258 -0.84206 -20.323 7.7947 -0.859 -21.452
5.9131 -0.97998 -16.089 7.735 -1.2768 -21.452
5.4996 -1.5657 -14.852 5.3137 -1.4831 -14.852
5.2163 -1.5475 -14.302 5.4617 -1.5854 -15.446
5.2163 -1.6669 -14.302 5.231 -1.6484 -14.852
3.6113 -1.7049 -9.9011 3.8245 -1.777 -11.033
3.1298 -1.7164 -8.581 3.2255 -1.7397 -9.4182
6.0301 2.9011 -16.789 6.1577 2.9108 -17.552
8.6011 3.2974 -24.134 9.0671 3.4456 -25.743
7.7648 2.752 -21.452 9.2103 3.2307 -25.743
8.6011 3.1631 -24.134 8.5004 3.0959 -24.134
9.9066 3.0778 -27.582 10.586 3.2319 -29.703
7.3561 -0.55934 -20.323 7.6156 -0.56057 -21.452
7.3561 -0.95515 -20.323 7.5858 -0.97837 -21.452
7.3561 -0.8986 -20.323 7.6454 -0.91868 -21.452
7.6454 -1.1276 -21.452 7.4962 -1.0679 -21.452
6.0768 -1.116 -16.789 7.6454 -1.3663 -21.452
5.5907 -1.3705 -15.446 5.9133 -1.4196 -16.789
5.5047 -1.4135 -15.446 5.8199 -1.4663 -16.789
4.9533 -1.6457 -13.791 5.5998 -1.8305 -16.089
5.1765 -1.7863 -14.302 4.7998 -1.6265 -13.791
3.9933 -1.7463 -11.033 3.9054 -1.6871 -11.357
2.3912 -1.6095 -6.6577 2.6656 -1.7658 -8.0447
9.5996 6.1473 -27.582 8.888 5.5942 -25.743
7.9688 4.6833 -22.714 7.8424 4.5569 -22.714
9.0313 3.6605 -25.743 8.9239 3.5888 -25.743
8.9597 3.5888 -25.743 8.8522 3.5172 -25.743
8.4668 3.0959 -24.134 8.9239 3.2307 -25.743
7.9056 -0.62514 -22.714 7.7792 -0.59355 -22.714
7.9056 -0.81473 -22.714 7.7792 -0.78313 -22.714
7.9688 -1.3203 -22.714 7.8108 -1.2571 -22.714
6.1089 -1.3621 -17.552 6.9886 -1.5206 -20.323
5.2517 -1.5244 -14.852 5.2899 -1.4994 -15.446
5.3758 -1.6713 -15.446 5.2039 -1.5854 -15.446
3.0788 -1.4868 -8.776 3.671 -1.7463 -11.033
3.2255 -1.7111 -9.1939 3.1853 -1.6623 -9.6536
3.1504 -1.7212 -8.9801 3.1076 -1.6611 -9.4182
3.0343 -1.7164 -8.581 2.9881 -1.6588 -8.9801
2.945 -1.7258 -8.3945 3.0208 -1.7366 -9.1939
8.2654 4.2374 -24.134 8.7448 4.4125 -25.743
8.3325 3.1631 -24.134 8.7806 3.3023 -25.743
8.3325 2.8945 -24.134 8.2318 2.8274 -24.134
9.3694 0.16175 -27.582 10.008 0.17419 -29.703
7.2873 -1.426 -21.452 7.168 -1.3663 -21.452
6.666 -1.6057 -19.307 7.2873 -1.7244 -21.452
5.2469 -1.4994 -15.446 5.3088 -1.4948 -16.089
8.1311 5.446 -24.134 8.5657 5.6301 -25.743
8.1311 4.506 -24.134 8.0304 4.4053 -24.134
8.064 4.1031 -24.134 7.9632 4.0024 -24.134
8.1311 4.036 -24.134 9.216 4.4974 -27.582
8.1311 3.8345 -24.134 9.216 4.2672 -27.582
8.1311 3.3645 -24.134 8.0304 3.2638 -24.134
8.1311 3.2302 -24.134 8.0304 3.1295 -24.134
9.216 1.6198 -27.582 8.5299 1.476 -25.743
9.1392 -0.22194 -27.582 9.0625 -0.22194 -27.582
6.3975 -0.31651 -19.307 9.8422 -0.48693 -29.703
6.8472 -1.1248 -20.323 7.0784 -1.1276 -21.452
7.168 -1.6647 -21.452 7.0486 -1.6051 -21.452
5.1609 -1.4994 -15.446 5.4696 -1.5597 -16.789
5.118 -1.4565 -15.446 5.1969 -1.45 -16.089
5.0038 -1.6484 -14.852 5.032 -1.6283 -15.446
3.072 -1.4808 -9.1939 3.3751 -1.6083 -10.726
3.4871 -1.739 -10.436 3.4049 -1.668 -10.726
3.072 -1.7366 -9.1939 3.0376 -1.6757 -9.6536
2.7815 -1.7024 -8.3945 2.8546 -1.7111 -9.1939
7.7954 5.2446 -24.134 8.2434 5.451 -25.743
7.7954 4.6403 -24.134 7.6947 4.506 -24.134
7.4 4.3673 -22.714 7.3052 4.2409 -22.714
7.9297 4.4389 -24.134 7.8289 4.3381 -24.134
7.9297 3.9688 -24.134 7.8289 3.8345 -24.134
7.8625 3.7003 -24.134 8.3151 3.8395 -25.743
7.8625 3.3645 -24.134 8.3151 3.5172 -25.743
7.9297 3.4317 -24.134 7.8625 3.3645 -24.134
8.4583 3.374 -25.743 7.8289 3.0959 -24.134
7.8625 3.0288 -24.134 8.2793 3.1591 -25.743
7.9297 2.9617 -24.134 8.3509 3.0875 -25.743
7.8625 2.7602 -24.134 7.7618 2.6931 -24.134
9.0625 -0.29868 -27.582 9.7183 -0.28033 -29.703
7.0486 -0.59041 -21.452 7.3684 -0.59355 -22.714
7.0486 -0.76947 -21.452 6.9292 -0.73963 -21.452
5.2417 -1.741 -16.089 5.3294 -1.7466 -16.789
4.6593 -1.6669 -14.302 4.6939 -1.6484 -14.852
3.1182 -1.716 -9.6536 3.1968 -1.7245 -10.436
3.145 -1.6892 -9.6536 3.2258 -1.6955 -10.436
3.0683 -1.7266 -9.4182 3.1268 -1.7215 -10.162
2.8591 -1.7309 -8.776 2.8849 -1.7135 -9.4182
2.7114 -1.679 -8.3945 2.7007 -1.6463 -8.9801
2.7348 -1.7258 -8.3945 2.8034 -1.7366 -9.1939
7.2104 5.2521 -22.714 7.5939 5.4125 -24.134
7.2104 4.6201 -22.714 7.5939 4.7746 -24.134
7.6611 4.5732 -24.134 8.1002 4.7706 -25.743
7.7282 3.7674 -24.134 8.1718 3.9111 -25.743
7.1472 3.4826 -22.714 7.0524 3.3878 -22.714
7.7282 3.566 -24.134 7.6275 3.4652 -24.134
8.1002 2.801 -25.743 8.0286 2.7294 -25.743
9.429 1.3312 -29.703 8.6788 1.2361 -27.582
9.3464 1.1659 -29.703 8.602 1.0826 -27.582
7.6611 -0.32849 -24.134 8.7172 -0.33704 -27.582
6.7502 -1.0082 -21.452 7.0524 -1.0359 -22.714
6.7502 -1.2469 -21.452 6.2818 -1.153 -20.323
6.3949 -1.5771 -20.323 6.2818 -1.5206 -20.323
5.1074 -1.8305 -16.089 4.7527 -1.6713 -15.446
4.7145 -1.7723 -14.852 4.5492 -1.669 -14.852
3.4715 -1.6849 -11.033 3.6459 -1.7254 -12.067
2.9441 -1.7111 -9.1939 2.9915 -1.7049 -9.9011
2.4797 -1.6859 -7.8805 2.521 -1.6805 -8.581
7.5268 5.1775 -24.134 7.957 5.3794 -25.743
7.0208 4.7465 -22.714 7.3925 4.9089 -24.134
7.5268 3.6331 -24.134 7.957 3.7679 -25.743
7.4596 3.3645 -24.134 7.8853 3.5172 -25.743
7.4596 3.0959 -24.134 7.8853 3.2307 -25.743
8.0286 3.4456 -25.743 7.957 3.374 -25.743
8.0286 3.1591 -25.743 7.957 3.0875 -25.743
7.3925 2.8945 -24.134 7.8137 3.0159 -25.743
8.0286 2.8726 -25.743 7.957 2.801 -25.743
8.602 2.8476 -27.582 8.5253 2.7708 -27.582
7.8853 2.5861 -25.743 8.3718 2.6941 -27.582
8.5253 1.0059 -27.582 9.1398 1.0419 -29.703
10.036 1.084 -32.179 9.1811 1.0006 -29.703
7.5268 -0.1942 -24.134 6.6905 -0.17262 -21.452
7.0208 -0.43556 -22.714 6.5114 -0.4412 -21.452
6.6905 -0.82915 -21.452 6.9892 -0.84633 -22.714
6.6308 -0.88884 -21.452 6.9261 -0.90953 -22.714
6.6905 -1.1276 -21.452 6.9892 -1.1623 -22.714
6.5711 -1.1873 -21.452 6.8629 -1.2255 -22.714
4.9283 -1.5619 -16.089 5.0258 -1.5597 -16.789
3.7298 -1.7757 -12.067 3.8352 -1.7867 -12.871
2.957 -1.6355 -9.6536 3.1214 -1.6978 -10.726
2.5623 -1.689 -8.2158 2.5539 -1.6455 -8.776
7.3254 5.2446 -24.134 7.7421 5.451 -25.743
7.3254 4.6403 -24.134 7.2582 4.506 -24.134
7.3254 4.4389 -24.134 7.2582 4.3046 -24.134
7.3254 4.2374 -24.134 7.7421 4.4125 -25.743
7.1911 3.9017 -24.134 7.1239 3.801 -24.134
7.3254 4.036 -24.134 7.7421 4.1976 -25.743
6.8313 3.5458 -22.714 6.7365 3.451 -22.714
6.7681 3.4826 -22.714 7.1239 3.5995 -24.134
7.2582 3.6331 -24.134 7.6705 3.7679 -25.743
7.3254 3.4988 -24.134 7.2246 3.3981 -24.134
7.1911 3.4317 -24.134 7.5988 3.553 -25.743
8.2184 0.92913 -27.582 8.8092 0.95928 -29.703
8.2951 0.77566 -27.582 8.8919 0.794 -29.703
8.2951 0.54544 -27.582 8.8919 0.5874 -29.703
7.3254 -0.39563 -24.134 7.2246 -0.39563 -24.134
7.1911 -0.46278 -24.134 7.0903 -0.46278 -24.134
6.8313 -1.6363 -22.714 7.1575 -1.6714 -24.134
6.4517 -1.7244 -21.452 6.3622 -1.6647 -21.452
5.2787 -1.6062 -17.552 5.4277 -1.606 -18.388
6.7049 4.9361 -22.714 7.0568 5.1103 -24.134
7.1239 5.0432 -24.134 7.0568 4.9089 -24.134
6.9896 4.9089 -24.134 6.9225 4.8082 -24.134
7.1239 4.7746 -24.134 7.5272 4.9496 -25.743
7.0568 4.7074 -24.134 6.9896 4.5732 -24.134
6.9896 4.3046 -24.134 6.9225 4.2038 -24.134
7.1239 4.2374 -24.134 7.0568 4.1367 -24.134
7.0568 3.9017 -24.134 7.4556 4.0544 -25.743
7.0568 3.566 -24.134 6.9561 3.4652 -24.134
7.0568 3.4317 -24.134 6.9896 3.331 -24.134
6.9896 2.8945 -24.134 6.9225 2.8274 -24.134
7.0568 2.7602 -24.134 6.9896 2.6931 -24.134
7.0568 2.4916 -24.134 7.4914 2.6219 -25.743
8.7679 1.9923 -29.703 9.4538 2.1136 -32.179
9.409 1.8897 -32.179 7.9881 1.6965 -27.582
8.1416 1.1593 -27.582 8.0649 1.121 -27.582
8.0649 1.0826 -27.582 7.9881 1.0442 -27.582
8.1416 0.69892 -27.582 8.0649 0.73729 -27.582
7.0568 -0.12705 -24.134 7.4556 -0.13552 -25.743
7.5272 -1.7112 -25.743 6.9561 -1.5371 -24.134
6.7049 -1.6995 -22.714 7.0568 -1.7385 -24.134
3.6075 -1.6944 -12.456 3.5846 -1.6434 -12.871
3.1662 -1.4889 -10.726 3.7823 -1.7372 -13.315
3.1065 -1.668 -10.726 3.3605 -1.759 -12.067
2.9713 -1.7215 -10.162 2.9871 -1.6978 -10.726
6.9225 5.5803 -24.134 7.873 6.3008 -27.582
6.9225 4.7746 -24.134 7.3482 4.9855 -25.743
6.7882 4.506 -24.134 6.721 4.3717 -24.134
6.9225 4.506 -24.134 7.3482 4.699 -25.743
6.8553 4.3717 -24.134 7.2765 4.5557 -25.743
6.8553 4.1031 -24.134 6.7882 4.0024 -24.134
6.9225 4.036 -24.134 6.8553 3.9353 -24.134
6.8553 3.9688 -24.134 6.7882 3.8681 -24.134
6.9225 3.2974 -24.134 6.8553 3.1967 -24.134
6.8553 2.9617 -24.134 6.7882 2.8945 -24.134
6.9225 2.7602 -24.134 7.3482 2.8726 -25.743
6.8553 2.8274 -24.134 7.2765 2.9442 -25.743
6.7882 2.6259 -24.134 6.721 2.5588 -24.134
6.8553 2.4245 -24.134 7.2407 2.5503 -25.743
7.9114 -0.37541 -27.582 8.4787 -0.40429 -29.703
7.3124 -0.56525 -25.743 8.396 -0.61089 -29.703
6.9225 -0.99994 -24.134 6.8553 -0.96637 -24.134
6.7882 -1.6714 -24.134 7.1691 -1.747 -25.743
4.9857 -1.6551 -17.552 5.0952 -1.6571 -18.388
4.3874 -1.6713 -15.446 4.4359 -1.6514 -16.089
3.3564 -1.6568 -11.701 3.4343 -1.6597 -12.456
3.226 -1.6713 -11.357 3.3996 -1.7291 -12.456
2.3611 -1.6557 -8.3945 2.4325 -1.6727 -9.1939
2.3337 -1.6662 -8.2158 2.4009 -1.6713 -8.9801
6.5868 5.3789 -24.134 7.4893 5.9938 -27.582
6.721 5.446 -24.134 7.1333 5.7017 -25.743
6.721 5.2446 -24.134 6.6539 5.0767 -24.134
6.5868 4.9089 -24.134 6.5196 4.7746 -24.134
6.721 4.1703 -24.134 6.6539 4.036 -24.134
6.5868 3.8345 -24.134 6.9542 3.9828 -25.743
6.6539 3.566 -24.134 7.0617 3.7321 -25.743
6.721 3.0959 -24.134 6.6539 3.0288 -24.134
6.721 2.6931 -24.134 6.6539 2.6259 -24.134
7.0259 3.0159 -25.743 6.9542 2.9442 -25.743
6.6539 2.5588 -24.134 6.5868 2.4916 -24.134
7.6045 -0.29868 -27.582 6.9901 -0.24295 -25.743
7.1691 -0.49363 -25.743 7.6045 -0.52889 -27.582
7.0975 -0.49363 -25.743 8.1481 -0.52825 -29.703
7.0975 -0.7085 -25.743 7.5661 -0.72073 -27.582
6.6539 -1.1342 -24.134 7.0259 -1.174 -25.743
7.0975 -1.4247 -25.743 7.0259 -1.3889 -25.743
5.1208 -1.6316 -18.388 5.575 -1.7468 -20.323
5.0696 -1.7339 -18.388 5.2157 -1.74 -19.307
2.8016 -1.6933 -10.162 2.9037 -1.7156 -11.033
6.811 6.024 -25.743 7.2591 6.3008 -27.582
7.3742 6.3008 -27.582 7.3359 6.1473 -27.582
6.8826 5.6659 -25.743 6.8468 5.5226 -25.743
6.4525 5.1103 -24.134 6.8468 5.3078 -25.743
6.5196 4.7074 -24.134 6.4525 4.5732 -24.134
6.3853 4.8417 -24.134 6.7752 5.0213 -25.743
6.4525 4.4389 -24.134 6.8468 4.6273 -25.743
6.4525 3.566 -24.134 6.8468 3.7321 -25.743
6.3853 3.2974 -24.134 6.7752 3.4456 -25.743
6.5196 3.4317 -24.134 6.4525 3.331 -24.134
6.4525 2.8945 -24.134 6.8468 3.0159 -25.743
6.3853 2.7602 -24.134 6.7752 2.8726 -25.743
6.9542 -0.42201 -25.743 7.3742 -0.45215 -27.582
6.8826 -1.6396 -25.743 7.9002 -1.8505 -29.703
6.0097 -1.7627 -22.714 5.9465 -1.6995 -22.714
4.5354 -1.6765 -16.789 4.7627 -1.6827 -18.388
3.9707 -1.6897 -14.852 4.1897 -1.741 -16.089
2.7168 -1.665 -10.162 2.4601 -1.4743 -9.6536
6.251 5.3118 -24.134 6.2175 5.1775 -24.134
6.1839 4.3046 -24.134 6.1503 4.2038 -24.134
6.251 3.9017 -24.134 6.6319 4.0544 -25.743
6.1839 3.7674 -24.134 6.1167 3.6667 -24.134
6.7394 3.5172 -25.743 6.7036 3.4456 -25.743
6.5961 3.374 -25.743 6.5603 3.3023 -25.743
6.3182 3.0959 -24.134 6.7036 3.2307 -25.743
6.251 3.0288 -24.134 6.6319 3.1591 -25.743
6.3182 2.8274 -24.134 6.7036 2.9442 -25.743
7.2208 -0.52889 -27.582 8.4242 -0.57227 -32.179
6.6678 -1.1382 -25.743 8.3795 -1.2885 -32.179
6.5961 -1.3531 -25.743 7.0289 -1.373 -27.582
6.6678 -1.4247 -25.743 7.1057 -1.4497 -27.582
5.0545 -1.6594 -19.307 5.5565 -1.7841 -21.452
3.8468 -1.6484 -14.852 3.8932 -1.6283 -15.446
3.261 -1.6597 -12.456 3.2623 -1.6255 -12.871
2.1509 -1.6557 -8.3945 2.2151 -1.6599 -9.1939
2.2731 -1.6821 -8.776 2.1032 -1.5134 -8.581
6.3813 6.024 -25.743 6.8371 6.3008 -27.582
5.9824 4.7074 -24.134 6.3455 4.878 -25.743
6.1167 4.5732 -24.134 6.4887 4.7706 -25.743
6.4529 4.3767 -25.743 6.4171 4.2692 -25.743
6.3813 4.1618 -25.743 6.3455 4.0544 -25.743
6.3813 3.9469 -25.743 6.3455 3.8395 -25.743
6.0496 3.0959 -24.134 6.4171 3.2307 -25.743
6.0496 3.0288 -24.134 6.4171 3.1591 -25.743
6.5245 3.0875 -25.743 6.4887 3.0159 -25.743
6.4529 3.0875 -25.743 6.4171 3.0159 -25.743
6.9906 2.9243 -27.582 6.9906 2.8476 -27.582
3.4953 -1.4155 -13.791 4.1383 -1.6065 -16.789
3.6815 -1.607 -14.852 3.6998 -1.5854 -15.446
3.5849 -1.7067 -14.302 3.6195 -1.669 -14.852
2.6589 -1.7276 -10.726 2.6889 -1.7029 -11.357
2.276 -1.6713 -8.9801 2.3855 -1.7049 -9.9011
2.0165 -1.6762 -8.0447 2.0656 -1.6821 -8.776
5.9153 5.5132 -24.134 6.7603 6.1473 -27.582
6.3096 5.451 -25.743 6.2738 5.3078 -25.743
6.238 5.5226 -25.743 5.8146 5.0432 -24.134
5.781 5.0432 -24.134 5.7474 4.9089 -24.134
6.3096 5.2361 -25.743 6.2738 5.0929 -25.743
5.8482 4.7746 -24.134 6.238 4.9496 -25.743
6.238 3.8753 -25.743 6.2022 3.7679 -25.743
6.238 3.5172 -25.743 6.2022 3.4456 -25.743
6.3096 3.1591 -25.743 6.2738 3.0875 -25.743
6.1664 3.0159 -25.743 6.1306 2.9442 -25.743
7.8871 -0.61704 -32.179 7.8871 -0.57227 -32.179
5.8482 -0.73136 -24.134 6.238 -0.78012 -25.743
6.238 -0.99498 -25.743 6.2022 -0.95917 -25.743
5.781 -1.2014 -24.134 6.5301 -1.2963 -27.582
5.5041 -1.3203 -22.714 6.5301 -1.5265 -27.582
5.258 -1.6647 -21.452 4.6785 -1.4446 -19.307
3.5575 -1.5657 -14.852 4.3534 -1.8618 -18.388
4.115 -1.6765 -16.789 4.1555 -1.6062 -17.552
2.6734 -1.6849 -11.033 2.6257 -1.6081 -11.357
2.4907 -1.6933 -10.162 2.5097 -1.668 -10.726
1.9909 -1.6662 -8.2158 2.0511 -1.6713 -8.9801
5.9515 5.0929 -25.743 6.3766 5.3416 -27.582
6.0948 4.0186 -25.743 6.059 3.9111 -25.743
5.9515 3.8037 -25.743 6.3383 3.9987 -27.582
6.0948 3.0875 -25.743 6.059 3.0159 -25.743
5.3146 0.0068157 -22.714 5.7139 0.0072417 -24.134
7.6185 -0.61704 -32.179 6.9911 -0.56957 -29.703
6.3766 -0.7591 -27.582 6.3766 -0.72073 -27.582
6.0948 -0.85174 -25.743 6.059 -0.81593 -25.743
6.3766 -1.7567 -27.582 6.8672 -1.8505 -29.703
5.3146 -1.6363 -22.714 5.5796 -1.6714 -24.134
5.3777 -1.7627 -22.714 6.059 -1.9261 -25.743
3.4336 -1.6484 -14.852 3.485 -1.6283 -15.446
5.4453 5.1775 -24.134 6.2232 5.7636 -27.582
5.5124 5.0432 -24.134 5.8799 5.2361 -25.743
5.8083 4.7348 -25.743 6.2232 4.9579 -27.582
5.8799 4.6632 -25.743 6.2999 4.8811 -27.582
5.8799 4.3767 -25.743 6.2999 4.5742 -27.582
5.8083 4.0186 -25.743 6.2232 4.1905 -27.582
5.7367 3.7321 -25.743 5.7009 3.6605 -25.743
5.8799 3.7321 -25.743 6.2999 3.9219 -27.582
5.5124 3.1631 -24.134 5.8799 3.3023 -25.743
6.2999 -0.60563 -27.582 6.2999 -0.56726 -27.582
5.8799 -0.78012 -25.743 6.2999 -0.79747 -27.582
5.4453 -1.7385 -24.134 5.7725 -1.7828 -25.743
4.0976 -1.5292 -18.388 4.4441 -1.6054 -20.323
3.7413 -1.5364 -16.789 3.8381 -1.533 -17.552
3.3923 -1.5244 -14.852 3.7647 -1.6532 -16.789
3.15 -1.7225 -13.791 2.7585 -1.4691 -12.456
1.8707 -1.6557 -8.3945 1.9337 -1.6727 -9.1939
1.8375 -1.6538 -8.0447 1.8824 -1.6455 -8.776
5.311 5.6475 -24.134 5.6292 5.8807 -25.743
5.2438 5.5132 -24.134 5.2103 5.4125 -24.134
5.665 5.5942 -25.743 5.2774 5.1439 -24.134
6.0697 5.7636 -27.582 6.0697 5.6101 -27.582
5.665 5.1645 -25.743 5.311 4.741 -24.134
5.665 4.8064 -25.743 6.0697 5.0346 -27.582
5.665 4.5915 -25.743 6.0697 4.8044 -27.582
5.5218 4.4483 -25.743 5.486 4.3409 -25.743
5.5934 4.3051 -25.743 5.5934 4.1976 -25.743
5.5218 4.2334 -25.743 5.5218 4.126 -25.743
5.665 3.5888 -25.743 6.5366 4.0583 -29.703
5.5218 3.4456 -25.743 5.9546 3.6533 -27.582
5.9162 -1.68 -27.582 6.3713 -1.7679 -29.703
3.6946 -1.6298 -16.789 3.6245 -1.5597 -16.789
3.7649 -1.6062 -17.552 3.893 -1.606 -18.388
3.7649 -1.7527 -17.552 3.5311 -1.6065 -16.789
2.8561 -1.6631 -13.315 2.8622 -1.6265 -13.791
3.1075 -1.8658 -14.302 2.5505 -1.5384 -12.456
5.4502 5.451 -25.743 5.4502 5.3078 -25.743
5.3786 4.6632 -25.743 4.9753 4.3046 -24.134
5.3786 4.3767 -25.743 5.7627 4.5742 -27.582
5.3069 4.4483 -25.743 5.3069 4.3409 -25.743
5.686 4.4591 -27.582 5.686 4.344 -27.582
6.206 4.6368 -29.703 6.206 4.5128 -29.703
6.1234 4.2236 -29.703 6.1234 4.141 -29.703
4.4821 -1.5454 -21.452 5.0088 -1.6714 -24.134
3.8418 -1.4269 -18.388 3.4844 -1.2561 -16.789
4.5418 -1.7244 -21.452 4.0608 -1.4983 -19.307
3.9802 -1.6057 -19.307 4.1331 -1.6054 -20.323
2.6893 -1.6434 -12.871 2.8046 -1.6649 -13.791
2.2411 -1.668 -10.726 2.2781 -1.6555 -11.357
1.7929 -1.597 -8.581 1.9723 -1.7049 -9.9011
5.2353 4.9496 -25.743 5.6093 5.1881 -27.582
5.1637 4.5915 -25.743 5.5325 4.8044 -27.582
5.4558 4.1521 -27.582 5.8755 4.3889 -29.703
6.0408 4.4715 -29.703 6.0408 4.3889 -29.703
6.0408 4.0583 -29.703 6.0408 3.9757 -29.703
4.9081 3.0959 -24.134 6.5889 4.0384 -32.179
5.8755 3.9757 -29.703 5.8755 3.893 -29.703
5.5325 3.4615 -27.582 5.9994 3.6451 -29.703
5.8755 -1.4786 -29.703 5.8755 -1.4373 -29.703
5.9581 -1.7265 -29.703 5.9581 -1.6852 -29.703
3.7395 -1.6316 -18.388 4.0766 -1.7185 -20.323
1.6708 -1.6433 -8.2158 1.7263 -1.6463 -8.9801
1.6251 -1.6662 -8.2158 1.6383 -1.6211 -8.776
4.9488 5.451 -25.743 5.3407 5.7253 -27.582
5.3791 5.3799 -27.582 5.3791 5.2648 -27.582
5.2256 4.9962 -27.582 5.2256 4.9195 -27.582
5.3791 4.8428 -27.582 5.3791 4.7277 -27.582
5.7102 4.7194 -29.703 5.7515 4.6368 -29.703
6.2756 4.9337 -32.179 6.2756 4.8441 -32.179
5.7102 4.3889 -29.703 6.2308 4.6651 -32.179
5.7928 4.0583 -29.703 6.3203 4.307 -32.179
3.2742 -1.4897 -16.789 3.7116 -1.6326 -19.307
2.8138 -1.607 -14.852 2.8189 -1.5854 -15.446
2.3198 -1.6079 -12.067 2.4856 -1.6631 -13.315
1.9252 -1.5802 -10.162 2.1517 -1.6555 -11.357
1.5465 -1.6091 -8.0447 1.6389 -1.6463 -8.9801
4.8056 5.3794 -25.743 4.8056 5.2719 -25.743
4.9954 5.3032 -27.582 5.0337 5.1881 -27.582
4.9954 4.9195 -27.582 5.4209 5.174 -29.703
4.9954 4.4591 -27.582 4.9954 4.3823 -27.582
5.5449 4.2236 -29.703 6.0517 4.486 -32.179
1.7581 -1.6218 -9.4182 1.8756 -1.6664 -10.436
1.6907 -1.6343 -9.1939 1.7381 -1.6223 -9.9011
1.6139 -1.6333 -8.776 1.6533 -1.6218 -9.4182
1.7163 -1.6855 -9.1939 1.7657 -1.6774 -9.9011
4.7652 4.6893 -27.582 5.173 4.926 -29.703
4.8419 4.6126 -27.582 5.2557 4.8434 -29.703
5.297 4.5542 -29.703 5.7832 4.8441 -32.179
3.8256 -1.6647 -21.452 3.596 -1.4923 -20.323
3.1768 -1.6316 -18.388 3.3087 -1.6326 -19.307
3.443 -1.6057 -19.307 3.4162 -1.552 -19.307
2.9472 -1.5831 -16.789 3.0324 -1.5818 -17.552
3.13 -1.7527 -17.552 2.9239 -1.5831 -16.789
1.5162 -1.6333 -8.776 1.6007 -1.6623 -9.6536
4.6884 4.9195 -27.582 4.6884 4.766 -27.582
4.6884 4.5358 -27.582 5.0904 4.7608 -29.703
4.6117 4.3823 -27.582 5.0077 4.6368 -29.703
5.4698 -1.4228 -32.179 5.1317 -1.272 -29.703
3.1745 -1.4446 -19.307 3.3415 -1.464 -20.323
3.2282 -1.6594 -19.307 3.2013 -1.5788 -19.307
2.9347 -1.6062 -17.552 3.0489 -1.606 -18.388
1.9305 -1.6081 -11.357 2.0654 -1.6597 -12.456
1.8233 -1.6381 -10.726 1.8673 -1.6239 -11.357
1.7159 -1.6519 -10.436 1.7526 -1.6235 -11.033
1.6279 -1.6223 -9.9011 1.6579 -1.5938 -10.436
1.6141 -1.6086 -9.6536 1.6869 -1.6084 -10.436
1.4765 -1.6463 -8.9801 1.5201 -1.6355 -9.6536
3.0133 -1.552 -19.307 3.3481 -1.6647 -21.452
3.1719 -1.5206 -20.323 3.5451 -1.6363 -22.714
2.2321 -1.5475 -14.302 2.4887 -1.6514 -16.089
1.9169 -1.6079 -12.067 1.991 -1.6076 -12.871
1.7725 -1.6397 -11.357 1.833 -1.6247 -12.067
1.8041 -1.6081 -11.357 1.9267 -1.6597 -12.456
1.5223 -1.5956 -9.4182 1.6288 -1.6374 -10.436
1.4961 -1.5956 -9.4182 1.5998 -1.6374 -10.436
2.6905 -1.5574 -17.552 2.7931 -1.5548 -18.388
2.4801 -1.5831 -16.789 2.5929 -1.5818 -17.552
2.3768 -1.6067 -16.089 2.332 -1.5171 -16.089
1.7093 -1.5765 -11.357 1.9014 -1.6793 -12.871
1.4175 -1.6218 -9.4182 1.5845 -1.7127 -10.726
1.097 -1.6093 -7.4259 1.1213 -1.5867 -8.0447
1.7708 -1.6251 -12.456 1.8559 -1.626 -13.315
1.6461 -1.6397 -11.357 1.6819 -1.6247 -12.067
1.5127 -1.6229 -10.436 1.5987 -1.6397 -11.357
1.2167 -1.6323 -8.3945 1.2391 -1.6088 -8.9801
1.0166 -1.6292 -7.1508 1.0545 -1.6201 -7.8805
0.96498 -1.6095 -6.6577 1.0143 -1.6196 -7.4259
4.0574 -1.5613 -29.703 4.485 -1.6466 -32.179
3.5164 -1.568 -25.743 3.8059 -1.6032 -27.582
2.811 -1.5454 -21.452 3.0079 -1.5731 -22.714
3.4448 -1.7112 -25.743 3.2295 -1.5371 -24.134
2.7196 -1.5206 -20.323 3.0711 -1.6363 -22.714
1.4652 -1.4591 -10.726 1.5197 -1.4501 -11.357
1.3249 -1.6223 -9.9011 1.3906 -1.6232 -10.726
1.3186 -1.6086 -9.6536 1.4204 -1.668 -10.726
0.9921 -1.6198 -7.5715 1.0194 -1.5976 -8.2158
2.6065 -1.5771 -20.323 2.7513 -1.6051 -21.452
2.2559 -1.5292 -18.388 2.3687 -1.5251 -19.307
2.1534 -1.6062 -17.552 2.3687 -1.6863 -19.307
1.9809 -1.5854 -15.446 2.0411 -1.5619 -16.089
1.8634 -1.607 -14.852 1.8427 -1.5244 -14.852
1.3934 -1.5765 -11.357 1.5109 -1.6251 -12.456
2.5722 -1.5454 -21.452 2.7551 -1.5731 -22.714
2.3237 -1.6337 -20.323 2.3237 -1.5489 -20.323
1.6981 -1.5657 -14.852 1.8396 -1.6067 -16.089
1.4469 -1.5743 -12.067 1.578 -1.626 -13.315
1.1031 -1.5956 -9.4182 1.1933 -1.6374 -10.436
0.96458 -1.6315 -8.0447 1.0034 -1.5967 -8.776
2.2672 -1.5771 -20.323 2.3932 -1.6051 -21.452
1.7501 -1.5619 -16.089 1.8262 -1.5597 -16.789
1.3054 -1.5917 -11.701 1.3722 -1.5904 -12.456
1.1642 -1.6229 -10.436 1.2512 -1.6397 -11.357
1.1966 -1.6083 -10.726 1.2891 -1.6405 -11.701
1.0771 -1.6367 -10.162 1.0771 -1.5503 -10.436
0.80774 -1.6093 -7.4259 0.90142 -1.644 -8.3945
0.78321 -1.6192 -7.0208 0.81856 -1.6092 -7.7229
2.3566 -0.86565 -24.134 2.6211 -0.88755 -25.743
2.0947 -1.4857 -21.452 2.2495 -1.5099 -22.714
1.9927 -1.6057 -19.307 2.0195 -1.5251 -19.307
1.7955 -1.5804 -18.388 1.939 -1.5788 -19.307
1.3466 -1.569 -13.791 1.3965 -1.5276 -14.302
1.3285 -1.6076 -12.871 1.3557 -1.5705 -13.315
0.92332 -1.6343 -9.1939 0.94263 -1.5817 -9.6536
0.65009 -1.6095 -6.6577 0.69411 -1.6093 -7.4259
2.2223 -1.2014 -24.134 2.4779 -1.2457 -25.743
1.8714 -1.5206 -20.323 2.035 -1.5454 -21.452
1.665 -1.6551 -17.552 1.6895 -1.5818 -17.552
1.3082 -1.6457 -13.791 1.3082 -1.5498 -13.791
0.93195 -1.5648 -10.436 1.0142 -1.5923 -11.357
2.0839 -0.27876 -25.743 2.2272 -0.31457 -25.743
2.1556 -0.35039 -25.743 2.2988 -0.3862 -25.743
2.0839 -0.42201 -25.743 2.2272 -0.42201 -25.743
2.2272 -0.56525 -25.743 2.3346 -0.56525 -25.743
2.2272 -0.92336 -25.743 2.5398 -0.95095 -27.582
2.2272 -1.4247 -25.743 2.3346 -1.4247 -25.743
1.4209 -1.5086 -17.552 1.5141 -1.5037 -18.388
1.1164 -1.569 -13.791 1.2229 -1.607 -14.852
1.0084 -1.6597 -12.456 1.0964 -1.6816 -13.315
0.95451 -1.5928 -11.033 1.0124 -1.5754 -11.701
0.87388 -1.5938 -10.436 0.95099 -1.6239 -11.357
0.80152 -1.5948 -9.9011 0.86831 -1.6083 -10.726
0.87915 -1.6084 -10.162 0.98258 -1.6713 -11.357
0.61293 -1.5776 -7.5715 0.69823 -1.6699 -8.776
1.8691 0.0077244 -25.743 2.0123 0.0077244 -25.743
2.0123 -0.56525 -25.743 2.1198 -0.56525 -25.743
1.8691 -0.7085 -25.743 1.853 -0.69779 -24.134
1.9407 -0.99498 -25.743 2.0839 -1.0308 -25.743
1.8691 -1.2099 -25.743 1.853 -1.1678 -24.134
1.4018 -1.4983 -19.307 1.5321 -1.4923 -20.323
1.2129 -1.5171 -16.089 1.3124 -1.513 -16.789
0.90439 -1.5904 -12.456 0.98529 -1.6075 -13.315
0.79434 -1.6084 -10.162 0.86242 -1.6235 -11.033
0.56072 -1.6307 -7.7229 0.5978 -1.609 -8.3945
1.7258 -0.35039 -25.743 1.8333 -0.35039 -25.743
1.5508 -0.52992 -24.134 1.6515 -0.52992 -24.134
1.7975 -0.85174 -25.743 1.7858 -0.79851 -24.134
1.6542 -1.1382 -25.743 1.6515 -1.1007 -24.134
1.7975 -1.2815 -25.743 1.7858 -1.2014 -24.134
1.6851 -1.5371 -24.134 1.6492 -1.4467 -22.714
0.89267 -1.5149 -13.315 0.99859 -1.6271 -14.302
0.80043 -1.5904 -12.456 0.87415 -1.589 -13.315
0.73964 -1.6542 -11.033 0.78447 -1.5917 -11.701
0.57366 -1.6433 -8.2158 0.62702 -1.6463 -8.9801
0.47718 -1.6093 -7.4259 0.53932 -1.5755 -8.0447
1.511 -0.78012 -25.743 1.6184 -0.78012 -25.743
1.7992 -1.5123 -32.179 1.8887 -1.4228 -32.179
1.27 -1.5731 -22.714 1.3332 -1.5099 -22.714
1.1363 -1.5771 -20.323 1.1929 -1.4923 -20.323
0.6868 -1.5592 -11.701 0.74844 -1.5558 -12.456
0.41971 -1.5895 -7.1508 0.46254 -1.5872 -7.8805
1.3677 -0.63687 -25.743 1.4752 -0.60106 -25.743
0.77766 -1.5424 -15.446 0.85483 -1.5171 -16.089
0.57181 -1.5765 -11.357 0.6618 -1.6078 -12.456
0.5102 -1.5784 -10.726 0.55601 -1.5449 -11.357
0.60341 -1.6081 -11.357 0.65425 -1.5429 -11.701
0.44798 -1.5694 -9.4182 0.48473 -1.5259 -9.9011
0.39079 -1.5976 -8.2158 0.43964 -1.5963 -8.9801
0.38265 -1.6091 -8.0447 0.40816 -1.5612 -8.581
0.35322 -1.6093 -7.4259 0.40222 -1.609 -8.2158
1.0817 -1.5265 -27.582 1.1968 -1.4881 -27.582
0.90103 -1.4857 -21.452 1.3302 -1.9745 -29.703
0.79706 -1.464 -20.323 0.93087 -1.4857 -21.452
0.85361 -1.5771 -20.323 0.99056 -1.5752 -21.452
0.66511 -1.5657 -14.852 0.73469 -1.5424 -15.446
0.50683 -1.5743 -12.067 0.61483 -1.626 -13.315
0.52318 -1.5904 -12.456 0.59631 -1.589 -13.315
0.45508 -1.5802 -10.162 0.51162 -1.4671 -10.162
0.45051 -1.6083 -10.726 0.52403 -1.6405 -11.701
0.45387 -1.5558 -12.456 0.56005 -1.6265 -13.791
0.38027 -1.5938 -10.436 0.44542 -1.6081 -11.357
0.30587 -1.5623 -8.3945 0.34779 -1.5704 -9.1939
0.25582 -1.5801 -7.0208 0.29214 -1.5662 -7.7229
0.25125 -1.6094 -6.8954 0.29214 -1.6307 -7.7229
0.6515 -1.568 -25.743 0.75894 -1.4963 -25.743
0.4578 -1.5206 -20.323 0.48863 -1.364 -19.307
0.51652 -1.8362 -18.388 0.51831 -1.5831 -16.789
0.25058 -1.5672 -9.9011 0.26456 -1.3859 -9.4182
0.23268 -1.6087 -9.1939 0.29958 -1.6367 -10.162
0.24104 -1.597 -8.581 0.29076 -1.6087 -9.4182
0.23078 -1.5976 -8.2158 0.29663 -1.6343 -9.1939
0.19944 -1.5762 -7.8805 0.25873 -1.5967 -8.776
0.19722 -1.5996 -7.0208 0.24329 -1.6201 -7.8805
0.17768 -1.5801 -7.0208 0.20619 -1.5662 -7.7229
0.1903 -1.6 -6.7745 0.23375 -1.6092 -7.5715
0.42117 -1.6439 -29.703 0.58645 -1.5613 -29.703
0.50381 -1.5613 -29.703 0.62777 -1.5199 -29.703
0.43664 -1.568 -25.743 0.57988 -1.4963 -25.743
0.28817 -1.5771 -20.323 0.33746 -1.3758 -18.388
0.25191 -1.5657 -14.852 0.32644 -1.5424 -15.446
0.23391 -1.569 -13.791 0.31389 -1.607 -14.852
0.16592 -1.5592 -11.701 0.2286 -1.5558 -12.456
0.17701 -1.5938 -10.436 0.24003 -1.6081 -11.357
0.14039 -1.5948 -9.9011 0.19685 -1.5934 -10.726
0.1906 -1.5817 -9.6536 0.25654 -1.6232 -10.726
0.18595 -1.6218 -9.4182 0.24304 -1.6084 -10.162
0.13354 -1.5956 -9.4182 0.16794 -1.5534 -9.9011
0.12733 -1.6213 -8.9801 0.17717 -1.6086 -9.6536
0.15975 -1.648 -9.4182 0.21476 -1.6367 -10.162
0.096057 -1.6189 -6.7745 0.13628 -1.5886 -7.4259
0.36674 -1.6018 -32.179 0.50103 -1.5571 -32.179
0.163 -1.5475 -14.302 0.23125 -1.5244 -14.852
0.070382 -1.6414 -12.067 0.14196 -1.5904 -12.456
0.062562 -1.5486 -10.726 0.13336 -1.5754 -11.701
0.079204 -1.6087 -9.1939 0.14408 -1.6367 -10.162
0.089814 -1.5762 -7.8805 0.13361 -1.5612 -8.581
0.043312 -1.6093 -7.4259 0.10973 -1.6925 -8.581
0.041708 -1.6094 -7.1508 0.084633 -1.5163 -7.4259
0.040218 -1.6094 -6.8954 0.075759 -1.5987 -7.5715
-0.046227 -1.5292 -18.388 0.058895 -1.5251 -19.307
0.0039833 -1.5244 -14.852 0.093843 -1.5619 -16.089
0.0034522 -1.5718 -12.871 0.080437 -1.569 -13.791
0.0035712 -1.5519 -13.315 0.061252 -1.5114 -13.791
0.0032364 -1.5072 -12.067 0.080437 -1.6265 -13.791
0.032719 -1.6083 -10.726 0.1008 -1.6405 -11.701
0.030997 -1.6084 -10.162 0.095045 -1.6235 -11.033
-0.024269 -1.6355 -9.6536 0.031835 -1.6374 -10.436
-0.019812 -1.5982 -7.8805 0.026175 -1.585 -8.581
0.024039 -1.5762 -7.8805 0.075604 -1.5967 -8.776
0.0018494 -1.5902 -6.8954 0.045045 -1.6092 -7.7229
-0.20969 3.4974 -19.307 -0.10764 3.5684 -20.323
-0.25995 4.6651 -32.179 -0.080897 4.5756 -32.179
-0.17042 4.486 -32.179 0.0086305 4.4413 -32.179
-0.17042 4.0384 -32.179 0.0086305 3.9936 -32.179
-0.13634 -1.4247 -25.743 -0.028907 -1.3889 -25.743
-0.15597 -1.4983 -19.307 -0.051093 -1.4923 -20.323
-0.20969 -1.552 -19.307 -0.10764 -1.5489 -20.323
-0.088917 -1.4897 -16.789 0.0049317 -1.5548 -18.388
-0.14179 -1.5574 -17.552 -0.046227 -1.5548 -18.388
-0.1613 -1.5657 -14.852 -0.081804 -1.5424 -15.446
-0.079985 -1.6223 -9.9011 -0.026237 -1.5793 -10.436
-0.051127 -1.6355 -9.6536 0.0027991 -1.6374 -10.436
-0.044459 -1.6323 -8.3945 0.0024085 -1.5963 -8.9801
-0.037872 -1.6094 -7.1508 0.0021136 -1.6091 -7.8805
-0.056717 -1.5996 -7.0208 -0.008849 -1.6201 -7.8805
-0.33381 4.3034 -20.323 -0.22072 4.1903 -20.323
-0.31712 4.1957 -19.307 -0.20969 4.0614 -19.307
-0.27727 4.4165 -20.323 -0.13591 4.2752 -20.323
-0.27727 4.2469 -20.323 -0.16418 4.1338 -20.323
-0.39036 3.5118 -20.323 -0.26283 3.5875 -21.452
-0.61806 4.3965 -32.179 -0.43901 4.307 -32.179
-0.43901 4.1279 -32.179 -0.25995 4.0384 -32.179
-0.57052 3.6451 -29.703 -0.43901 3.8593 -32.179
-0.46355 -1.5371 -24.134 -0.35121 -1.568 -25.743
-0.45303 -1.6032 -27.582 -0.29955 -1.5265 -27.582
-0.28829 -1.5574 -17.552 -0.23946 -1.5086 -17.552
-0.22905 -1.5831 -16.789 -0.18234 -1.513 -16.789
-0.20459 -1.5904 -12.456 -0.14461 -1.589 -13.315
-0.16463 -1.5743 -12.067 -0.10398 -1.5718 -12.871
-0.20602 -1.6083 -10.726 -0.14336 -1.6405 -11.701
-0.19518 -1.6367 -10.162 -0.13141 -1.5934 -10.726
-0.1475 -1.5963 -8.9801 -0.093759 -1.6223 -9.9011
-0.11209 -1.5976 -8.2158 -0.061482 -1.6343 -9.1939
-0.13213 -1.6091 -8.0447 -0.095313 -1.5967 -8.776
-0.095783 -1.5996 -7.0208 -0.051645 -1.5877 -7.7229
-0.12788 -1.5725 -6.6577 -0.082231 -1.6092 -7.5715
-0.4469 4.36 -20.323 -0.33381 4.2186 -20.323
-0.5911 4.3038 -21.452 -0.47173 4.1546 -21.452
-0.50344 3.7945 -20.323 -0.36208 3.7097 -20.323
-0.53141 3.6472 -21.452 -0.43628 3.767 -22.714
-0.79712 4.307 -32.179 -0.61806 4.2175 -32.179
-0.70759 4.2175 -32.179 -0.52854 4.1279 -32.179
-0.81844 3.3972 -29.703 -0.65316 3.3559 -29.703
-0.44332 -0.89045 -16.089 -0.53069 -1.2685 -24.134
-0.70932 -1.6396 -25.743 -0.53069 -1.47 -24.134
-0.53199 -1.552 -19.307 -0.37084 -1.4714 -19.307
-0.50344 -1.5206 -20.323 -0.39036 -1.4358 -20.323
-0.32658 -1.5244 -14.852 -0.2537 -1.4994 -15.446
-0.26571 -1.5784 -10.726 -0.20847 -1.608 -11.701
-0.2174 -1.6089 -8.776 -0.16779 -1.5956 -9.4182
-0.1769 -1.6315 -8.0447 -0.13194 -1.6211 -8.776
-0.14897 -1.6189 -6.7745 -0.10975 -1.721 -8.0447
-0.65078 4.4231 -21.452 -0.53141 4.3038 -21.452
-1.0657 4.0384 -32.179 -0.88665 3.9489 -32.179
-0.97617 3.5908 -32.179 -0.7358 3.2732 -29.703
-0.98372 -1.396 -29.703 -0.93141 -1.4676 -32.179
-0.85256 -1.568 -25.743 -0.72161 -1.6032 -27.582
-0.79928 -1.6043 -24.134 -0.66498 -1.5371 -24.134
-0.63942 -1.6057 -19.307 -0.50513 -1.5251 -19.307
-0.51343 -1.5475 -14.302 -0.44708 -1.5854 -15.446
-0.39047 -1.5718 -12.871 -0.32984 -1.5334 -13.315
-0.32539 -1.6083 -10.726 -0.27358 -1.6243 -11.701
-0.31191 -1.6218 -9.4182 -0.25172 -1.6084 -10.162
-0.33007 -1.6087 -9.1939 -0.27281 -1.5948 -9.9011
-0.22436 -1.6 -6.7745 -0.20352 -1.7462 -8.2158
-0.78616 4.4731 -20.323 -0.68062 4.5723 -21.452
-0.84271 4.36 -20.323 -0.74031 4.453 -21.452
-1.3343 4.3965 -32.179 -1.1552 4.307 -32.179
-1.4238 4.307 -32.179 -1.2448 4.2175 -32.179
-1.2448 3.9489 -32.179 -1.0657 3.9041 -32.179
-1.3343 3.5908 -32.179 -1.1552 3.546 -32.179
-1.2316 3.4798 -29.703 -1.0664 3.3972 -29.703
-1.3343 2.6955 -32.179 -1.1552 2.6507 -32.179
-1.2316 -1.6439 -29.703 -0.95183 -1.4497 -27.582
-1.0669 -1.5265 -27.582 -0.81844 -1.5613 -29.703
-0.80057 -1.6057 -19.307 -0.66628 -1.5251 -19.307
-0.64944 -1.5364 -16.789 -0.55687 -1.533 -17.552
-0.58916 -1.589 -13.315 -0.51428 -1.5498 -13.791
-0.42135 -1.5802 -10.162 -0.36538 -1.5928 -11.033
-0.42135 -1.6367 -10.162 -0.35523 -1.5934 -10.726
-0.34737 -1.6213 -8.9801 -0.30628 -1.6086 -9.6536
-0.28476 -1.5917 -6.4357 -0.27725 -1.7166 -7.7229
-0.96172 4.518 -19.307 -0.87098 4.6144 -20.323
-0.908 4.4643 -19.307 -0.81443 4.5579 -20.323
-1.1283 4.6619 -21.452 -1.0366 4.7781 -22.714
-1.0123 4.4165 -20.323 -0.91937 4.5127 -21.452
-1.1283 4.3038 -21.452 -0.97905 4.1546 -21.452
-1.0682 4.2409 -22.714 -0.91025 4.1146 -22.714
-0.95579 3.3987 -20.323 -0.84271 3.2856 -20.323
-1.1283 3.2294 -21.452 -1.0366 3.3246 -22.714
-1.6029 3.8593 -32.179 -1.3143 3.4798 -29.703
-1.2823 -1.568 -25.743 -1.1032 -1.4963 -25.743
-0.69846 -1.5657 -14.852 -0.61897 -1.5424 -15.446
-0.64857 -1.569 -13.791 -0.5745 -1.5864 -14.852
-0.75218 -1.5475 -14.302 -0.70492 -1.5854 -15.446
-0.60534 -1.5718 -12.871 -0.53359 -1.5334 -13.315
-0.7003 -1.589 -13.315 -0.6102 -1.5498 -13.791
-0.49081 -1.5938 -10.436 -0.44212 -1.5621 -11.033
-0.45796 -1.5832 -9.1939 -0.40722 -1.6084 -10.162
-1.1229 3.3899 -19.307 -0.98858 3.3362 -19.307
-1.1766 3.0676 -19.307 -1.0972 3.1443 -20.323
-1.2385 3.0595 -20.323 -1.0972 2.9746 -20.323
-1.8714 3.8593 -32.179 -1.6476 3.8146 -32.179
-1.4972 -1.568 -25.743 -1.3181 -1.4963 -25.743
-1.5688 -1.568 -25.743 -1.3897 -1.4963 -25.743
-1.4707 -1.6043 -24.134 -1.3029 -1.5371 -24.134
-0.86375 -1.5244 -14.852 -0.76938 -1.4994 -15.446
-0.64797 -1.5917 -11.701 -0.58581 -1.5904 -12.456
-0.60338 -1.5672 -9.9011 -0.54921 -1.5784 -10.726
-0.53458 -1.6086 -9.6536 -0.47629 -1.5938 -10.436
-0.57394 -1.6218 -9.4182 -0.5203 -1.6084 -10.162
-0.50912 -1.6087 -9.1939 -0.45187 -1.5948 -9.9011
-0.50068 -1.6205 -8.2158 -0.44935 -1.5844 -8.776
-1.2303 4.2494 -19.307 -1.1254 4.3317 -20.323
-1.2951 3.5118 -20.323 -1.1537 3.3987 -20.323
-1.274 2.9727 -18.388 -1.367 3.3488 -21.452
-1.2303 3.0139 -19.307 -1.2894 3.4194 -22.714
-1.7576 -1.5265 -27.582 -1.6035 -1.5613 -29.703
-1.4864 -1.6051 -21.452 -1.4158 -1.6363 -22.714
-1.2303 -1.6057 -19.307 -1.1254 -1.6054 -20.323
-1.3377 -1.6057 -19.307 -1.2385 -1.6054 -20.323
-1.0698 -1.5831 -16.789 -0.91334 -1.45 -16.089
-1.1148 -1.6067 -16.089 -1.0231 -1.5831 -16.789
-0.75531 -1.5765 -11.357 -0.70179 -1.5743 -12.067
-0.70407 -1.5802 -10.162 -0.65699 -1.5928 -11.033
-0.63092 -1.5948 -9.9011 -0.57905 -1.6083 -10.726
-0.60015 -1.6218 -9.4182 -0.54858 -1.6084 -10.162
-1.4989 4.0883 -19.307 -1.4081 4.1621 -20.323
-1.4647 4.1903 -20.323 -1.2951 4.049 -20.323
-2.4086 3.5908 -32.179 -2.1848 3.546 -32.179
-1.5461 -1.2469 -21.452 -1.5379 -1.3357 -24.134
-1.1132 -1.5854 -15.446 -1.0057 -1.4994 -15.446
-0.93237 -1.6251 -12.456 -0.81107 -1.5211 -12.456
-0.82581 -1.6235 -11.033 -0.76894 -1.6414 -12.067
-0.8501 -1.6081 -11.357 -0.78573 -1.5911 -12.067
-0.67876 -1.5956 -9.4182 -0.63339 -1.5943 -10.162
-0.66617 -1.597 -8.581 -0.62635 -1.6087 -9.4182
-0.65169 -1.6323 -8.3945 -0.59865 -1.6215 -9.1939
-1.7474 -1.5206 -20.323 -1.4787 -1.3246 -18.388
-1.3501 -1.4897 -16.789 -1.265 -1.4841 -17.552
-1.581 -1.5292 -18.388 -1.4989 -1.5251 -19.307
-1.328 -1.5854 -15.446 -1.2267 -1.5619 -16.089
-0.86828 -1.5938 -10.436 -0.81046 -1.5775 -11.033
-0.7763 -1.6086 -9.6536 -0.7231 -1.6084 -10.436
-0.72214 -1.5963 -8.9801 -0.66887 -1.5817 -9.6536
-0.69005 -1.6209 -8.581 -0.63702 -1.5959 -9.1939
-1.7138 3.8197 -19.307 -1.6953 4.0949 -21.452
-2.1422 3.566 -24.134 -1.8266 3.2614 -22.714
-1.917 2.8898 -20.323 -1.8445 2.9608 -21.452
-1.8039 -1.4075 -20.323 -1.7251 -1.3962 -21.452
-1.8605 -1.464 -20.323 -1.6332 -1.3371 -19.307
-1.7138 -1.4983 -19.307 -1.606 -1.4923 -20.323
-1.4009 -1.5244 -14.852 -1.328 -1.4994 -15.446
-1.3008 -1.4923 -13.791 -1.2491 -1.6291 -16.089
-1.2694 -1.6271 -14.302 -1.1501 -1.5475 -14.302
-1.1382 -1.5743 -12.067 -1.0888 -1.5718 -12.871
-1.0711 -1.5407 -12.067 -1.0172 -1.536 -12.871
-1.0081 -1.5449 -11.357 -0.9368 -1.5239 -12.067
-0.95208 -1.5486 -10.726 -0.93237 -1.6771 -12.456
-0.83598 -1.6218 -9.4182 -0.78889 -1.6084 -10.162
-0.78554 -1.597 -8.581 -0.74427 -1.6087 -9.4182
-1.3392 3.112 -13.791 -1.2496 3.088 -14.302
-2.2026 2.8116 -21.452 -2.0235 2.7221 -21.452
-2.0867 2.4375 -20.323 -1.9937 2.5132 -21.452
-2.2026 -1.1276 -21.452 -2.0235 -1.0679 -21.452
-0.82597 -1.6091 -8.0447 -0.77898 -1.5967 -8.776
-0.78719 -1.6201 -7.8805 -0.75962 -1.6713 -8.9801
-0.79293 -1.6092 -7.7229 -0.74511 -1.5856 -8.3945
-0.68879 -1.6094 -6.8954 -0.65327 -1.6199 -7.7229
-1.5311 2.4981 -13.791 -1.4836 2.5663 -14.852
-2.1998 2.7767 -20.323 -2.1429 2.8415 -21.452
-2.1998 2.494 -20.323 -2.1131 2.5729 -21.452
-2.1998 -0.95515 -20.323 -2.3772 -1.0671 -24.134
-2.1432 -1.2379 -20.323 -1.9736 -1.1813 -20.323
-2.0361 -1.3908 -19.307 -2.0832 -1.4558 -21.452
-2.1435 -1.552 -19.307 -1.9823 -1.4714 -19.307
-1.429 -1.6076 -12.871 -1.3301 -1.5519 -13.315
-1.2665 -1.5266 -11.701 -1.2096 -1.5211 -12.456
-1.2991 -1.6243 -11.701 -1.2054 -1.5743 -12.067
-0.92548 -1.5844 -8.776 -0.87528 -1.5694 -9.4182
-0.88524 -1.609 -8.3945 -0.86218 -1.648 -9.4182
-1.5894 2.8936 -13.315 -1.548 2.9687 -14.302
-1.7071 2.9488 -14.302 -1.7191 3.1607 -16.089
-3.1389 4.1521 -27.582 -2.8703 4.037 -27.582
-2.3694 2.494 -20.323 -2.2921 2.5431 -21.452
-2.3128 2.0982 -20.323 -2.2324 2.1551 -21.452
-2.4259 1.4197 -20.323 -2.3518 1.4687 -21.452
-1.9975 -0.2389 -17.552 -1.9647 -0.2247 -18.388
-2.4413 -0.88884 -21.452 -2.3638 -0.87793 -22.714
-2.3128 -1.0117 -20.323 -2.3638 -1.0675 -22.714
-2.3694 -1.2379 -20.323 -2.2921 -1.2171 -21.452
-2.3694 -1.1813 -20.323 -2.2921 -1.1574 -21.452
-1.7578 -1.5424 -15.446 -1.6743 -1.5171 -16.089
-1.7071 -1.5475 -14.302 -1.6718 -1.5639 -15.446
-1.5524 -1.589 -13.315 -1.4543 -1.5498 -13.791
-1.4404 -1.5743 -12.067 -1.4227 -1.626 -13.315
-1.3733 -1.6079 -12.067 -1.2789 -1.5558 -12.456
-1.3557 -1.5765 -11.357 -1.3309 -1.6078 -12.456
-0.82913 -1.6194 -7.2858 -0.7924 -1.6203 -8.0447
-1.5722 3.012 -12.871 -1.5878 3.1875 -14.302
-1.6845 2.7667 -13.791 -1.5878 2.7299 -14.302
-2.4121 2.7453 -19.307 -2.3411 2.805 -20.323
-2.3584 2.4768 -19.307 -2.2846 2.5223 -20.323
-2.4121 2.3693 -19.307 -2.3411 2.4092 -20.323
-2.539 -0.95515 -20.323 -2.6165 -1.0043 -22.714
-2.5956 -1.1813 -20.323 -2.5309 -1.1873 -21.452
-2.539 -1.6337 -20.323 -2.3411 -1.5489 -20.323
-2.0974 -1.5364 -16.789 -2.0219 -1.533 -17.552
-1.8867 -1.4994 -15.446 -1.8639 -1.5364 -16.789
-2.1442 -1.5364 -16.789 -1.9807 -1.4663 -16.789
-1.8554 -1.5657 -14.852 -1.7578 -1.5424 -15.446
-1.7229 -1.5306 -13.791 -1.6902 -1.5451 -14.852
-1.6845 -1.6074 -13.791 -1.6282 -1.6277 -14.852
-0.96259 -1.5982 -7.8805 -0.95949 -1.6588 -8.9801
-1.5137 2.6576 -11.357 -1.8758 3.5859 -16.089
-2.6521 2.5506 -20.323 -2.3315 2.3693 -19.307
-2.9188 1.6776 -21.452 -2.8693 1.7131 -22.714
-2.8591 1.5582 -21.452 -2.8061 1.6183 -22.714
-2.9188 1.3195 -21.452 -2.7099 1.2897 -21.452
-2.8591 1.3792 -21.452 -2.8061 1.4287 -22.714
-2.8591 1.2001 -21.452 -2.6502 1.1703 -21.452
-2.7652 0.68462 -20.323 -2.7099 0.72266 -21.452
-2.8591 0.48392 -21.452 -2.6801 0.48392 -21.452
-2.7652 -0.8986 -20.323 -2.7099 -0.88884 -21.452
-2.5195 -1.3908 -19.307 -2.4542 -1.3792 -20.323
-2.6269 -1.4446 -19.307 -2.5673 -1.4358 -20.323
-2.1891 -1.4724 -16.089 -2.1928 -1.533 -17.552
-1.5921 -1.5917 -11.701 -1.5215 -1.5731 -12.456
-1.0954 -1.5623 -8.3945 -1.0986 -1.6355 -9.6536
-0.9913 -1.5992 -7.2858 -0.96026 -1.5979 -8.0447
-1.7871 2.9762 -12.871 -1.7229 3.0353 -13.791
-1.9148 2.3063 -13.791 -1.8554 2.3804 -14.852
-2.9348 0.74117 -20.323 -2.889 0.81219 -21.452
-2.8217 0.68462 -20.323 -2.7696 0.72266 -21.452
-2.8217 0.51499 -20.323 -2.7696 0.51376 -21.452
-2.9348 -0.10699 -20.323 -2.889 -0.083091 -21.452
-2.9348 -0.38971 -20.323 -2.889 -0.38152 -21.452
-2.9348 -0.61588 -20.323 -2.889 -0.62026 -21.452
-2.8783 -0.84206 -20.323 -2.8293 -0.82915 -21.452
-2.8217 -1.1813 -20.323 -2.6238 -1.1248 -20.323
-2.1445 -1.5424 -15.446 -1.8862 -1.3486 -14.302
-1.9915 -1.5306 -13.791 -1.8862 -1.4878 -14.302
-1.8858 -1.5519 -13.315 -1.8464 -1.5674 -14.302
-1.5769 -1.5765 -11.357 -1.5075 -1.5575 -12.067
-1.3277 -1.6087 -9.1939 -1.2645 -1.5948 -9.9011
-1.0517 -1.5886 -7.4259 -1.037 -1.6207 -8.3945
-2.034 2.9306 -13.315 -1.9658 2.9885 -14.302
-1.8433 2.0851 -12.067 -1.7692 2.1167 -12.871
-2.186 1.6986 -14.852 -2.6269 2.1545 -19.307
-3.1045 1.5328 -20.323 -2.9066 1.5045 -20.323
-3.1576 1.0808 -21.452 -2.9487 1.0509 -21.452
-3.1045 0.96734 -20.323 -3.0382 0.99124 -21.452
-2.9914 0.85425 -20.323 -2.9487 0.87187 -21.452
-3.0479 0.74117 -20.323 -3.0083 0.81219 -21.452
-3.1045 0.74117 -20.323 -3.068 0.81219 -21.452
-3.0479 0.57154 -20.323 -3.1537 0.60718 -22.714
-3.1576 -0.82915 -21.452 -2.9487 -0.79931 -21.452
-2.4129 -1.5171 -16.089 -2.331 -1.4897 -16.789
-2.0299 -1.569 -13.791 -1.926 -1.5276 -14.302
-1.9303 -1.5718 -12.871 -1.7692 -1.4823 -12.871
-1.4849 -1.6223 -9.9011 -1.4296 -1.6232 -10.726
-1.0149 -1.5902 -6.8954 -0.98631 -1.5984 -7.7229
-2.108 3.0047 -13.315 -2.0454 3.088 -14.302
-2.0378 2.7971 -12.871 -1.9228 2.7454 -13.315
-2.145 2.7283 -13.791 -1.9723 2.594 -13.791
-3.2175 1.3066 -20.323 -3.1576 1.3494 -21.452
-3.3963 0.90171 -21.452 -3.0196 0.9108 -20.323
-5.184 0.36777 -32.179 -4.9154 0.323 -32.179
-5.184 0.45729 -32.179 -4.9154 0.41253 -32.179
-5.184 -0.34845 -32.179 -4.9154 -0.30369 -32.179
-5.184 -0.52751 -32.179 -4.9154 -0.48275 -32.179
-3.161 -0.78551 -20.323 -3.0979 -0.76947 -21.452
-3.161 -1.0682 -20.323 -3.0979 -1.0977 -21.452
-3.161 -1.0117 -20.323 -3.0979 -1.0381 -21.452
-3.0029 -1.4983 -19.307 -2.7881 -1.4177 -19.307
-2.0067 -1.5211 -12.456 -1.9599 -1.5149 -13.315
-1.8768 -1.5072 -12.067 -1.8408 -1.5181 -12.871
-1.8851 -1.5266 -11.701 -1.8945 -1.5718 -12.871
-1.4911 -1.6218 -9.4182 -1.4391 -1.6084 -10.162
-1.5951 -1.76 -9.9011 -1.534 -1.7426 -10.726
-2.0414 2.7762 -12.456 -1.9784 2.838 -13.315
-2.1107 2.4296 -12.456 -2.0525 2.4675 -13.315
-2.1094 2.4032 -12.871 -2.049 2.4406 -13.791
-2.0414 2.3603 -12.456 -1.9303 2.3137 -12.871
-2.2192 2.3379 -13.315 -2.1066 2.3063 -13.791
-5.363 1.7107 -32.179 -5.0497 1.7107 -32.179
-3.0134 -1.4781 -18.388 -2.9492 -1.4714 -19.307
-2.7514 -1.4897 -16.789 -2.6567 -1.4841 -17.552
-2.0414 -1.5558 -12.456 -1.9784 -1.5519 -13.315
-1.8694 -1.5621 -11.033 -1.82 -1.5592 -11.701
-1.5697 -1.6218 -9.4182 -1.5381 -1.6226 -10.162
-2.1453 2.6376 -12.456 -2.0895 2.6713 -13.315
-2.1453 2.3603 -12.456 -2.0895 2.3935 -13.315
-2.2526 -1.357 -12.871 -2.0736 -1.2674 -12.871
-1.5018 -1.6209 -8.581 -1.488 -1.6757 -9.6536
-1.3731 -1.5662 -7.7229 -1.3772 -1.6089 -8.776
-1.3731 -1.6307 -7.7229 -1.3173 -1.609 -8.3945
-2.1781 2.5428 -11.701 -2.128 2.5683 -12.456
-2.2839 2.0138 -12.456 -2.1631 1.9735 -12.871
-2.179 1.8837 -12.067 -2.1821 1.9674 -13.315
-2.4415 1.5229 -13.315 -2.3176 1.5005 -13.791
-2.0508 -1.5449 -11.357 -2.0414 -1.5731 -12.456
-1.8915 -1.5519 -10.162 -1.9086 -1.6081 -11.357
-1.6336 -1.6089 -8.776 -1.6089 -1.622 -9.6536
-2.3879 2.395 -12.456 -2.2526 2.3316 -12.871
-2.5033 2.1883 -12.871 -2.3674 2.1527 -13.315
-2.4675 2.0093 -12.871 -2.5029 2.1132 -14.302
-2.3879 1.9791 -12.456 -2.3303 2.0045 -13.315
-2.4675 1.5079 -12.871 -2.7032 1.7451 -15.446
-5.2875 0.69892 -27.582 -5.0189 0.77566 -27.582
-2.3879 -1.2439 -12.456 -2.3488 -1.237 -13.315
-2.2432 -1.3638 -11.701 -2.18 -1.3478 -12.456
-2.0264 -1.5784 -10.726 -1.956 -1.5607 -11.357
-2.0861 -1.5486 -10.726 -2.0641 -1.5592 -11.701
-1.5521 -1.5976 -8.2158 -1.5451 -1.6343 -9.1939
-1.4888 -1.6201 -7.8805 -1.4301 -1.597 -8.581
-1.502 -1.6522 -7.7229 -1.4458 -1.6323 -8.3945
-2.7972 3.0353 -13.791 -2.1944 2.4615 -11.701
-2.4476 2.5552 -12.067 -2.3013 2.4816 -12.456
-2.5749 2.1525 -12.871 -2.4415 2.1156 -13.315
-2.4919 1.9791 -12.456 -2.4415 2.0045 -13.315
-2.7205 1.5389 -13.791 -2.7025 1.5746 -14.852
-2.6637 1.4488 -13.315 -2.7232 1.554 -14.852
-2.5391 1.2214 -12.871 -2.5095 1.2511 -13.791
-5.441 0.77566 -27.582 -5.134 0.81402 -27.582
-3.8087 -1.3371 -19.307 -3.7547 -1.3227 -20.323
-2.6108 -1.0705 -12.871 -2.567 -1.0702 -13.791
-2.3804 -1.3393 -12.067 -2.3243 -1.3391 -12.871
-2.0878 -1.6229 -10.436 -2.0076 -1.5928 -11.033
-2.1168 -1.5648 -10.436 -2.0383 -1.5314 -11.033
-2.0046 -1.6367 -10.162 -1.9769 -1.6542 -11.033
-1.7312 -1.5844 -8.776 -1.7029 -1.5952 -9.6536
-1.587 -1.6091 -8.0447 -1.5359 -1.5967 -8.776
-1.6317 -1.6315 -8.0447 -1.5847 -1.6211 -8.776
-2.3984 2.2785 -11.357 -2.3301 2.2866 -12.067
-2.3668 2.2469 -11.357 -2.2965 2.253 -12.067
-2.7182 1.2214 -12.871 -2.6629 1.2703 -13.791
-2.6824 1.114 -12.871 -2.6438 1.136 -13.791
-2.5147 -1.205 -12.067 -2.3879 -1.1572 -12.456
-1.8964 -1.6213 -8.9801 -1.843 -1.6498 -9.9011
-1.5568 -1.5987 -7.5715 -1.5064 -1.5747 -8.2158
-2.5687 2.2498 -11.701 -2.4919 2.239 -12.456
-3.3478 2.4541 -15.446 -2.5749 1.9914 -12.871
-2.43 -1.2921 -11.357 -2.3637 -1.2721 -12.067
-2.422 -1.3166 -11.033 -2.3409 -1.2987 -11.701
-2.295 -1.4292 -10.726 -2.2088 -1.4027 -11.357
-1.9671 -1.6087 -9.1939 -1.9119 -1.5948 -9.9011
-2.6339 2.315 -11.701 -2.5612 2.3257 -12.456
-2.8614 1.9735 -12.871 -2.8164 1.9993 -13.791
-2.8384 1.6326 -12.456 -2.7934 1.6525 -13.315
-2.8384 1.4939 -12.456 -2.7749 1.5229 -13.315
-2.5248 1.1725 -11.357 -2.8809 1.4367 -14.302
-2.8038 1.2167 -12.456 -2.7563 1.245 -13.315
-2.8614 -0.78398 -12.871 -2.6824 -0.73026 -12.871
-2.7691 -1.0706 -12.456 -2.7193 -1.0703 -13.315
-2.8614 -1.2137 -12.871 -2.6466 -1.1242 -12.871
-2.3782 -1.3906 -10.436 -2.4222 -1.4452 -11.701
-2.259 -1.5519 -10.162 -2.1756 -1.5188 -10.726
-2.1729 -1.5817 -9.6536 -2.1313 -1.5793 -10.436
-2.0695 -1.6599 -9.1939 -1.9581 -1.6086 -9.6536
-3.0712 2.5972 -13.315 -2.5483 2.2362 -12.067
-2.8505 1.6487 -12.067 -3.3693 2.0029 -15.446
-2.9424 1.39 -12.456 -2.9045 1.4117 -13.315
-2.8731 1.3553 -12.456 -2.8304 1.3747 -13.315
-3.0405 0.79171 -12.871 -2.886 0.80048 -13.315
-2.8505 0.44007 -12.067 -2.9231 0.44855 -13.315
-2.699 -1.201 -11.701 -2.6305 -1.1919 -12.456
-2.5447 -1.2859 -11.033 -2.5315 -1.3057 -12.067
-2.4072 -1.3325 -10.436 -2.3984 -1.3395 -11.357
-2.4072 -1.4777 -10.436 -2.3826 -1.4975 -11.357
-2.4362 -1.5358 -10.436 -2.3452 -1.5008 -11.033
-2.0963 -1.5214 -8.9801 -2.0386 -1.5012 -9.6536
-1.9362 -1.5623 -8.3945 -1.916 -1.5704 -9.1939
-2.7144 2.1521 -11.357 -2.9601 2.3935 -13.315
-3.0464 1.7365 -12.456 -2.9971 1.7637 -13.315
-3.0117 1.6326 -12.456 -2.9601 1.6525 -13.315
-3.1121 1.0782 -12.871 -3.0658 1.0977 -13.791
-3.2565 0.96719 -13.315 -3.2192 0.99904 -14.302
-2.9771 0.17702 -12.456 -3.0275 0.19598 -13.791
-3.0117 -0.37748 -12.456 -2.9601 -0.36646 -13.315
-3.0117 -0.55076 -12.456 -3.0466 -0.55221 -13.791
-2.9771 -1.0359 -12.456 -2.9231 -1.0333 -13.315
-2.7966 -1.1034 -11.701 -2.7345 -1.0879 -12.456
-2.5934 -1.2203 -10.726 -2.585 -1.2336 -11.701
-2.5524 -1.5358 -10.436 -2.4527 -1.5008 -11.033
-2.2772 -1.5694 -9.4182 -2.2308 -1.566 -10.162
-2.2229 -1.6087 -9.1939 -2.1598 -1.5948 -9.9011
-3.081 1.8058 -12.456 -2.9331 1.7765 -12.871
-3.1503 1.0434 -12.456 -2.8505 0.94366 -12.067
-3.1503 0.90479 -12.456 -3.1083 0.93014 -13.315
-3.1837 0.57684 -12.871 -3.1426 0.59886 -13.791
-3.081 0.3503 -12.456 -3.0342 0.37445 -13.315
-3.1157 0.28098 -12.456 -3.0712 0.30036 -13.315
-3.081 -0.27351 -12.456 -3.0342 -0.25533 -13.315
-3.081 -0.30817 -12.456 -3.0342 -0.29237 -13.315
-3.1503 -0.34282 -12.456 -3.1083 -0.32942 -13.315
-3.1157 -0.37748 -12.456 -3.0712 -0.36646 -13.315
-3.081 -0.65472 -12.456 -3.0342 -0.64431 -13.315
-2.9847 -0.90285 -12.067 -2.9331 -0.89141 -12.871
-3.0183 -0.96999 -12.067 -2.9689 -0.96304 -12.871
-2.9269 -1.1034 -11.701 -2.8558 -1.0879 -12.456
-2.7289 -1.2245 -11.033 -2.733 -1.2386 -12.067
-2.6104 -1.4196 -10.436 -2.514 -1.3933 -11.033
-2.382 -1.5694 -9.4182 -2.3297 -1.5519 -10.162
-2.9356 2.0573 -11.357 -2.8672 2.0684 -12.067
-2.7725 1.4655 -10.726 -2.7144 1.4885 -11.357
-3.4047 1.634 -13.315 -3.1639 1.5784 -13.315
-3.1526 1.078 -12.067 -3.0942 1.0961 -12.871
-3.2197 0.38495 -12.456 -3.0763 0.37988 -12.871
-3.185 -0.41213 -12.456 -3.1453 -0.40351 -13.315
-3.2543 -0.55076 -12.456 -3.1121 -0.5333 -12.871
-3.185 -0.5161 -12.456 -3.1453 -0.51465 -13.315
-3.185 -0.72404 -12.456 -3.1453 -0.7184 -13.315
-3.1526 -0.8357 -12.067 -3.1121 -0.81979 -12.871
-3.2197 -0.96663 -12.456 -3.1639 -0.9592 -13.315
-2.821 -1.1938 -11.033 -2.7478 -1.1685 -11.701
-2.7266 -1.2454 -10.436 -2.6368 -1.2091 -11.033
-2.4082 -1.5432 -9.4182 -2.4072 -1.5793 -10.436
-2.244 -1.5356 -8.776 -2.1854 -1.517 -9.4182
-3.062 1.4885 -11.357 -3.081 1.5633 -12.456
-3.2198 1.313 -12.067 -3.1658 1.3468 -12.871
-3.2533 0.94366 -12.067 -3.2016 0.95285 -12.871
-3.1862 0.7758 -12.067 -3.13 0.79171 -12.871
-3.3583 0.55823 -12.456 -3.312 0.57821 -13.315
-3.2533 0.47364 -12.067 -3.2016 0.48731 -12.871
-3.3236 0.24633 -12.456 -3.1658 0.25454 -12.871
-3.3583 -0.58541 -12.456 -3.312 -0.57022 -13.315
-3.289 -0.828 -12.456 -3.1479 -0.76608 -12.871
-2.8322 -0.98159 -10.726 -2.7618 -0.96033 -11.357
-3.4622 0.62754 -12.456 -3.4232 0.6523 -13.315
-3.4276 0.038393 -12.456 -3.3861 0.059564 -13.315
-2.1904 -1.5762 -7.8805 -2.1344 -1.5492 -8.581
-4.015 2.5111 -14.302 -3.3628 2.1525 -12.871
-3.8122 1.7452 -13.315 -3.6605 1.7307 -13.791
-3.4969 0.24633 -12.456 -3.237 0.24633 -12.456
-3.6493 -0.211 -12.871 -3.3807 -0.211 -12.871
-3.5662 -0.5161 -12.456 -3.5343 -0.4776 -13.315
-3.4969 -0.86266 -12.456 -3.4602 -0.84806 -13.315
-2.2584 -1.2286 -8.0447 -2.1702 -1.1911 -8.581
-2.2808 -1.3405 -8.0447 -2.2318 -1.3403 -8.776
-2.3032 -1.3629 -8.0447 -2.3087 -1.3964 -8.9801
-2.1896 -1.6092 -7.7229 -2.0779 -1.5519 -8.2158
-3.6702 2.0484 -12.456 -3.7565 2.1528 -13.791
-3.5555 1.548 -12.067 -3.7565 1.6924 -13.791
-3.6355 1.3207 -12.456 -3.3756 1.286 -12.456
-2.254 -1.5447 -7.7229 -2.1931 -1.5272 -8.3945
-2.188 -1.5266 -7.4259 -2.2165 -1.5623 -8.3945
-3.7741 1.5286 -12.456 -3.7195 1.5229 -13.315
-5.8499 -0.42394 -19.307 -5.8186 -0.41798 -20.323
-5.7962 -0.47766 -19.307 -5.762 -0.47452 -20.323
-2.2087 -1.5679 -7.4259 -2.2398 -1.609 -8.3945
-3.9716 2.1525 -12.871 -3.2515 1.8045 -11.357
-4.1456 1.4858 -13.315 -4.1343 1.5362 -14.302
-6.0111 -0.53137 -19.307 -5.9882 -0.53107 -20.323
-5.9574 -0.47766 -19.307 -5.9316 -0.47452 -20.323
-3.5675 1.8677 -11.357 -3.6009 1.9445 -12.456
-6.4971 1.5893 -20.323 -5.8499 1.483 -19.307
-6.4971 1.4197 -20.323 -6.1578 1.3914 -20.323
-5.2778 2.8249 -16.089 -4.0344 2.2082 -13.315
-4.1864 1.9735 -12.871 -4.1593 2.0185 -13.791
-6.6102 0.96734 -20.323 -6.2709 0.93907 -20.323
-4.2939 2.1167 -12.871 -4.4328 2.2325 -14.302
-4.0591 1.7494 -12.067 -4.2936 1.9034 -13.791
-4.0255 1.6487 -12.067 -4.1085 1.7266 -13.315
-6.7798 1.759 -20.323 -6.7685 1.797 -21.452
-6.7798 1.4197 -20.323 -6.7685 1.4687 -21.452
-6.4408 1.0801 -19.307 -6.7685 1.1703 -21.452
-6.7798 0.85425 -20.323 -6.7685 0.90171 -21.452
-4.7541 2.3446 -13.791 -4.5919 2.3121 -14.302
-4.294 1.8405 -12.456 -4.2567 1.8748 -13.315
-6.9494 1.759 -20.323 -6.9476 1.8268 -21.452
-6.8929 1.7024 -20.323 -6.8879 1.7373 -21.452
-7.006 1.6459 -20.323 -7.0072 1.7075 -21.452
-6.8929 1.4762 -20.323 -6.8879 1.5284 -21.452
-7.006 1.3631 -20.323 -7.0072 1.409 -21.452
-7.006 0.85425 -20.323 -7.0072 0.90171 -21.452
-4.7924 2.2679 -13.791 -4.1506 2.0093 -12.871
-4.398 1.8752 -12.456 -4.3678 1.9119 -13.315
-4.2605 1.6823 -12.067 -4.3678 1.7822 -13.315
-7.1191 1.0804 -20.323 -7.1266 1.1106 -21.452
-7.1191 0.9108 -20.323 -6.7515 0.9108 -20.323
-4.4673 2.7762 -12.456 -4.4419 2.8195 -13.315
-4.652 2.1167 -12.871 -4.6389 2.1528 -13.791
-6.978 0.70411 -19.307 -6.9777 0.74117 -20.323
-2.3472 -0.67177 -6.5448 -2.2987 -0.66674 -7.2858
-4.7594 2.9046 -12.871 -4.7349 2.9585 -13.791
-4.7236 2.9046 -12.871 -4.5346 2.8565 -13.315
-5.2087 2.9885 -14.302 -5.1956 3.0557 -15.446
-4.1363 2.0257 -11.357 -4.3297 2.1704 -12.871
-2.3231 -0.64974 -6.3302 -2.3159 -0.64444 -7.1508
-2.3439 -0.64267 -6.4357 -2.3393 -0.64647 -7.2858
-4.3593 2.7056 -11.701 -3.8186 2.4282 -11.033
-4.4955 2.4544 -12.067 -4.455 2.4748 -12.871
-4.4955 2.1523 -12.067 -4.5901 2.2453 -13.315
-4.6752 2.1524 -12.456 -4.4908 2.1167 -12.871
-2.5615 -0.65764 -6.7745 -2.5871 -0.67451 -7.7229
-4.4895 2.5103 -11.701 -4.4326 2.5336 -12.456
-4.5962 2.5216 -12.067 -4.5446 2.5464 -12.871
-4.3575 2.2785 -11.357 -4.4153 2.3603 -12.456
-4.9027 2.1883 -12.871 -4.8883 2.2295 -13.791
-4.7792 1.8405 -12.456 -4.9075 1.9418 -13.791
-4.9027 1.7944 -12.871 -4.7198 1.7637 -13.315
-7.741 -0.38971 -20.323 -4.9843 -0.22608 -13.791
-4.4523 2.3101 -11.357 -4.378 2.3201 -12.067
-4.4207 2.3733 -11.357 -4.3444 2.3873 -12.067
-4.9178 1.9445 -12.456 -4.8865 1.986 -13.315
-5.0459 1.9018 -12.871 -4.868 1.8933 -13.315
-5.8635 0.66558 -14.852 -5.5743 0.66558 -14.852
-4.5471 2.6576 -11.357 -4.4787 2.6894 -12.067
-4.8648 2.5552 -12.067 -4.9606 2.6713 -13.315
-4.6523 2.3475 -11.701 -4.462 2.2866 -12.067
-4.9871 2.291 -12.456 -4.7952 2.26 -12.871
-8.1369 0.85425 -20.323 -5.4474 0.60114 -14.302
-4.932 2.7902 -12.067 -4.7272 2.7416 -12.456
-4.75 2.608 -11.701 -4.9791 2.801 -13.315
-2.5802 -0.60461 -6.2281 -2.7786 -0.64022 -7.5715
-2.6225 -0.68497 -6.3302 -2.7786 -0.72448 -7.5715
-2.7015 -0.62194 -6.2281 -3.2094 -0.72899 -8.2158
-2.6842 -0.69125 -6.2281 -2.8904 -0.73121 -7.4259
-4.8776 2.3668 -11.033 -4.932 2.4544 -12.067
-8.5358 0.86526 -19.307 -8.9769 0.9614 -21.452
-5.0311 2.3975 -11.033 -5.0831 2.4712 -12.067
-6.8139 0.58294 -14.852 -8.0526 0.72174 -18.388
-9.5504 0.9108 -20.323 -10.137 1.018 -22.714
-5.2459 2.4589 -11.033 -5.1569 2.4615 -11.701
-5.2459 2.3668 -11.033 -5.3013 2.4544 -12.067
-9.7201 1.0804 -20.323 -9.7528 1.1106 -21.452
-9.607 1.0239 -20.323 -9.1546 1.0239 -20.323
-9.8897 1.5893 -20.323 -9.9318 1.6478 -21.452
-10.618 1.9164 -21.452 -10.111 1.8865 -21.452
-9.9463 1.4197 -20.323 -9.9915 1.4687 -21.452
-8.4033 1.4063 -16.789 -9.5787 1.6459 -20.323
-10.116 1.7024 -20.323 -10.171 1.7671 -21.452
-10.229 0.96734 -20.323 -8.8199 0.87521 -18.388
-10.229 1.0239 -20.323 -8.8199 0.92637 -18.388
-10.738 0.90171 -21.452 -10.32 0.90171 -21.452
-10.286 2.2113 -20.323 -10.32 2.2745 -21.452
-10.342 2.1548 -20.323 -10.379 2.1849 -21.452
-8.8829 1.3726 -17.552 -9.2878 1.483 -19.307
-10.286 0.85425 -20.323 -9.8049 0.85425 -20.323
-10.455 1.7024 -20.323 -8.999 1.5147 -18.388
-10.568 1.0804 -20.323 -10.088 1.0804 -20.323
-10.455 0.96734 -20.323 -10.499 1.0211 -21.452
-14.573 3.1545 -27.582 -12.921 2.8726 -25.743
-10.681 1.2501 -20.323 -10.738 1.2897 -21.452
-10.681 0.96734 -20.323 -10.201 0.96734 -20.323
-10.625 0.9108 -20.323 -10.678 0.9614 -21.452
-11.513 1.976 -21.452 -11.59 2.0291 -22.714
-11.077 3.5684 -20.323 -11.126 3.6472 -21.452
-10.523 2.1545 -19.307 -10.54 2.2113 -20.323
-10.416 2.047 -19.307 -10.427 2.0982 -20.323
-11.573 0.90171 -21.452 -9.485 0.7729 -18.388
-11.077 0.62808 -20.323 -11.155 0.60329 -21.452
-11.247 3.9076 -20.323 -11.305 4.0053 -21.452
-11.247 1.9851 -20.323 -11.305 2.0357 -21.452
-11.247 1.759 -20.323 -11.305 1.797 -21.452
-11.134 1.3066 -20.323 -11.185 1.3792 -21.452
-11.19 1.0804 -20.323 -11.245 1.1405 -21.452
-11.247 0.85425 -20.323 -11.334 0.93156 -21.452
-11.247 0.68462 -20.323 -11.334 0.72266 -21.452
-2.5311 -0.77879 -4.597 -2.4784 -0.77105 -5.2897
-11.303 3.6249 -20.323 -10.766 3.5118 -20.323
-10.738 2.2082 -19.307 -10.766 2.2678 -20.323
-11.36 2.0982 -20.323 -11.424 2.1551 -21.452
-11.303 2.2113 -20.323 -10.766 2.1548 -20.323
-10.792 0.54296 -19.307 -11.394 0.60329 -21.452
-2.5266 -0.70643 -4.5429 -2.4667 -0.68804 -5.2182
-2.5266 -0.74435 -4.5429 -2.4667 -0.73159 -5.2182
-2.4809 -0.73959 -4.4384 -2.4931 -0.74897 -5.2897
-2.5303 -0.65315 -4.4384 -2.5799 -0.67731 -5.3631
-2.5179 -0.67784 -4.4384 -2.503 -0.67352 -5.2182
-2.5303 -0.69019 -4.4384 -2.4839 -0.67887 -5.1486
-11.168 1.8322 -19.307 -11.19 1.872 -20.323
-11.699 0.74117 -20.323 -11.134 0.74117 -20.323
-2.5259 -0.82885 -4.388 -2.5126 -0.82211 -5.1486
-12.528 1.2598 -21.452 -11.961 1.2598 -21.452
-11.812 0.79771 -20.323 -11.901 0.84203 -21.452
-2.5626 -0.78002 -4.388 -2.5484 -0.77197 -5.1486
-2.5913 -0.82784 -4.1972 -2.6077 -0.83564 -5.0149
-2.6966 -0.81043 -4.2905 -2.6915 -0.79009 -5.0809
-2.7028 -0.84368 -4.3387 -2.6703 -0.8325 -5.0809
-2.7324 -0.87011 -4.2905 -2.7339 -0.8749 -5.0809
-9.8188 1.3087 -13.791 -15.161 2.0607 -22.714
-9.4802 1.0783 -13.315 -12.86 1.5099 -19.307
-9.4431 1.0413 -13.315 -12.196 1.3868 -18.388
-12.643 1.3238 -17.552 -13.622 1.4762 -20.323
-3.1622 -0.73881 -4.2905 -3.077 -0.72162 -4.9506
-6.8272 1.4096 -9.1939 -7.5788 1.5995 -11.033
-3.1741 -0.58363 -4.2905 -3.1722 -0.58512 -5.0809
-3.2098 -0.67468 -4.3387 -3.1792 -0.66286 -5.0809
-3.1741 -0.69106 -4.2905 -3.124 -0.68216 -5.0149
-3.1392 -1.0376 -4.2433 -3.0908 -1.0178 -4.9506
-3.258 -0.73504 -4.3387 -3.1868 -0.71704 -5.0149
-3.2218 -0.71493 -4.2905 -3.1798 -0.71007 -5.0149
-3.1982 -1.0494 -4.2433 -3.1528 -1.0384 -4.9506
-3.1864 -1.0258 -4.2433 -3.1728 -1.024 -5.0149
-7.4901 1.5456 -9.9011 -7.5324 1.5849 -10.726
-3.3195 -1.0486 -4.388 -3.1528 -0.99709 -4.9506
-7.4372 1.5338 -9.6536 -7.474 1.5711 -10.436
-3.3412 -1.0372 -4.2905 -3.2984 -1.024 -5.0149
-3.4416 -0.53585 -4.388 -3.2905 -0.50813 -4.9506
-3.5716 -0.64825 -4.4901 -3.3525 -0.60455 -4.9506
-3.4009 -1.0611 -4.2905 -3.3542 -1.0449 -5.0149
-3.4248 -0.512 -4.2905 -3.512 -0.52108 -5.2182
-3.3989 -1.014 -4.2433 -3.3891 -1.01 -5.0149
-3.4248 -1.0492 -4.2905 -3.3821 -1.0379 -5.0149
-3.6003 -0.63352 -4.388 -3.5326 -0.61339 -5.0809
-3.5598 -0.66261 -4.3387 -3.5326 -0.6558 -5.0809
-3.6125 -0.52364 -4.388 -3.5468 -0.5003 -5.0809
-3.6247 -0.62131 -4.388 -3.5609 -0.59925 -5.0809
-3.6787 -0.69019 -4.4384 -3.6012 -0.67887 -5.1486
-9.2363 0.7093 -11.033 -9.0636 0.71973 -11.701
-3.7034 -0.67784 -4.4384 -3.6862 -0.67352 -5.2182
-3.6857 -0.67014 -4.388 -3.6585 -0.66454 -5.1486
-3.7528 -0.77663 -4.4384 -3.7955 -0.77841 -5.2897
-3.8411 -0.83282 -4.5429 -3.6872 -0.79346 -5.1486
-3.8339 -0.64825 -4.4901 -3.8397 -0.64596 -5.2897
-3.7775 -0.67784 -4.4384 -3.7158 -0.66454 -5.1486
-3.7224 -0.68235 -4.388 -3.7015 -0.67887 -5.1486
-3.7224 -0.71897 -4.388 -3.7015 -0.71468 -5.1486
-3.8214 -0.79816 -4.4901 -3.7733 -0.78241 -5.2182
-3.8714 -0.68573 -4.4901 -3.8838 -0.68275 -5.2897
-3.8589 -0.69822 -4.4901 -3.8096 -0.68078 -5.2182
-3.8022 -0.73959 -4.4384 -3.7445 -0.72184 -5.1486
-3.8022 -0.77663 -4.4384 -3.8023 -0.76063 -5.2182
