40  
-43.3854  -16.3311   81.3354   42.7306   73.5444   48.7448
   34.2755   62.7841  -24.1566  -11.7107  -69.2919   24.4365
  357.8433  109.3012   21.7279    7.9033 -110.3283  117.3344
  277.0055  110.9218 -117.8918 -231.1130 -215.8609   36.1106
 -134.9757  -86.3465 -118.8757   93.7568   29.2941 -164.9147
  303.4912    7.7294   10.5309 -281.3780  -66.3415   90.8892
   72.5369 -121.4159   71.3961 -101.3556  121.6627    9.4108
   -6.4794 -111.8671  276.9010  -11.9618  242.7084  137.9223
   71.5127   -0.6707  -68.4472  -70.1727  -54.0982  -36.0096
  -20.4904  153.2695   18.7590  -11.9618  242.7084  137.9223
  -12.4137  -76.9662   -8.2280  -11.9257   58.3676  -52.3896
  148.9775   37.1435 -187.8442 -138.9903 -176.0121  -98.1349
  140.8763  -22.5494  -43.8079 -141.2935  -39.1473  -12.2986
  141.6449  111.8301 -173.5749 -107.1222 -223.8121  -47.1550
   67.1381 -108.8954   85.9762  -91.4566  120.3330   24.3681
 -120.7664    3.2444  -88.9052  111.2142  -27.4184  -96.2445
   71.7225   55.2479   10.0101  -47.2501  -51.3042   55.6162
  162.9730  110.0142  -54.0337 -119.7959 -152.5067   55.9821
   48.9098  154.4233   30.2174    7.9033 -110.3283  117.3344
  103.3482    8.5770  -59.6003  -96.8986  -64.4144  -17.3540
   72.6405 -149.1917   48.9282 -112.0247  129.1167  -24.5411
  -30.3106  -74.2599   72.4686   11.1443  109.3851   11.6675
   29.3417 -106.1689  165.7660  -49.3233  178.7552   84.5483
  -78.7211  235.0780  -19.2629  151.1556 -173.6811   98.1909
   88.9127  -61.0946 -224.6724 -116.0128  -98.9140 -179.5389
 -114.7256   74.8543  -83.2487  128.9199  -80.8523  -52.2464
 -107.0402  -19.4525  131.8047  105.1986  120.9301   72.0108
  -80.9351   88.8595 -111.8829  100.1706 -113.0842  -55.9919
 -294.3850  -76.5528   99.9747  261.0547  183.4830  -35.9667
  143.8374 -140.2228   12.3654 -178.6298   84.4854  -31.7689
   32.6935 -142.2200  144.0970  -65.7453  189.3772   45.1162
  -75.4900   48.7872 -189.3426   76.1114 -136.9731 -146.7847
  137.0358  -17.7593  -19.9468 -134.5240  -27.5675    8.6382
 -171.4041  -19.7863 -126.5194  149.3361  -17.4668 -155.6563
  -10.2959  142.0092  260.6931   76.2549   68.1715  304.6952
  -24.2784   29.2107   82.4830   39.4025   33.7302   77.6606
   32.0527   20.0289  145.1791  -13.1679   61.4608  126.1420
   31.2457  158.8310 -110.9675   17.0033 -191.2293   11.1065
  -86.4880  -80.4426  -45.9909   54.2973   54.4827 -103.5433
   -3.0163   69.6283  -27.0248   25.5222  -68.0103   16.6018
